graph_for_greach
191
1601
223940: 224127 224120 #
223941: 224127 #
223942: 224128 224025 223953 223954 223955 223956 223957 223958 223959 223960 223961 223962 223963 223964 223965 223966 223967 223968 223969 223970 223971 223972 223973 224006 224007 224008 224009 224010 224011 224012 224013 224014 224015 #
223943: 224129 224019 224023 224026 224030 223958 223959 223960 223961 223962 223963 223964 223965 223966 223967 223968 223969 223970 223971 223972 223973 224006 224007 224008 224009 224010 224011 224012 224013 224014 224015 #
223944: 224130 224032 223953 223954 223955 223956 223957 223958 223959 223960 223961 223962 223963 223964 223965 223966 223967 223968 223969 223970 223971 223972 223973 224006 224007 224008 224009 224010 224011 224012 224013 224014 224015 #
223945: 224121 224122 224024 #
223946: 223954 #
223947: 223952 #
223948: 224124 224125 224031 #
223949: 223957 #
223950: 223952 #
223951: #
223952: #
223953: #
223954: #
223955: #
223956: #
223957: #
223958: #
223959: #
223960: #
223961: #
223962: #
223963: #
223964: #
223965: #
223966: #
223967: #
223968: #
223969: #
223970: #
223971: #
223972: #
223973: #
223974: 224088 223951 223952 223953 223954 223955 223956 223957 223958 223959 223960 223961 223962 223963 223964 223965 223966 223967 223968 223970 223971 223972 223973 224006 224007 224008 224009 224010 224011 224012 224013 224014 224015 #
223975: 224089 223951 223952 223953 223954 223956 223957 223958 223959 223960 223961 223962 223963 223964 223965 223966 223967 223968 223969 223970 223971 223972 223973 224006 224007 224008 224009 224010 224011 224012 224013 224014 224015 #
223976: 224090 223951 223952 223953 223955 223956 223957 223958 223959 223960 223961 223962 223963 223964 223965 223966 223967 223968 223969 223970 223971 223972 223973 224006 224007 224008 224009 224010 224011 224012 224013 224014 224015 #
223977: 224091 223951 223952 223953 223954 223955 223956 223957 223958 223959 223960 223961 223962 223963 223964 223965 223966 223967 223968 223969 223971 223972 223973 224006 224007 224008 224009 224010 224011 224012 224013 224014 224015 #
223978: 224092 223951 223952 223953 223954 223955 223956 223957 223958 223959 223960 223961 223962 223963 223964 223965 223966 223967 223968 223969 223970 223972 223973 224006 224007 224008 224009 224010 224011 224012 224013 224014 224015 #
223979: 224093 223951 223952 223953 223954 223955 223956 223957 223958 223959 223960 223961 223962 223963 223964 223965 223966 223967 223968 223969 223970 223971 223973 224006 224007 224008 224009 224010 224011 224012 224013 224014 224015 #
223980: 224094 223951 223952 223953 223954 223955 223957 223958 223959 223960 223961 223962 223963 223964 223965 223966 223967 223968 223969 223970 223971 223972 223973 224006 224007 224008 224009 224010 224011 224012 224013 224014 224015 #
223981: 224095 223951 223952 223953 223954 223955 223956 223958 223959 223960 223961 223962 223963 223964 223965 223966 223967 223968 223969 223970 223971 223972 223973 224006 224007 224008 224009 224010 224011 224012 224013 224014 224015 #
223982: 224096 223951 223952 223953 223954 223955 223956 223957 223958 223959 223960 223961 223962 223963 223965 223966 223967 223968 223969 223970 223971 223972 223973 224006 224007 224008 224009 224010 224011 224012 224013 224014 224015 #
223983: 224097 223951 223953 223954 223955 223956 223957 223958 223959 223960 223961 223962 223963 223964 223965 223966 223967 223968 223969 223970 223971 223972 223973 224006 224007 224008 224009 224010 224011 224012 224013 224014 224015 #
223984: 224104 223951 223952 223953 223954 223955 223956 223957 223958 223959 223960 223961 223962 223963 223964 223965 223966 223967 223968 223969 223970 223971 223972 223973 224006 224007 224008 224009 224010 224011 224012 224014 224015 #
223985: 224105 223951 223952 223953 223954 223955 223956 223957 223958 223959 223960 223961 223962 223963 223964 223965 223966 223967 223968 223969 223970 223971 223972 223973 224006 224007 224008 224009 224010 224012 224013 224014 224015 #
223986: 224106 223951 223952 223953 223954 223955 223956 223957 223958 223959 223960 223961 223962 223963 223964 223965 223966 223967 223968 223969 223970 223971 223972 223973 224006 224007 224009 224010 224011 224012 224013 224014 224015 #
223987: 224098 223951 223952 223953 223954 223955 223956 223957 223958 223959 223961 223962 223963 223964 223965 223966 223967 223968 223969 223970 223971 223972 223973 224006 224007 224008 224009 224010 224011 224012 224013 224014 224015 #
223988: 224099 223951 223952 223953 223954 223955 223956 223957 223958 223960 223961 223962 223963 223964 223965 223966 223967 223968 223969 223970 223971 223972 223973 224006 224007 224008 224009 224010 224011 224012 224013 224014 224015 #
223989: 224100 223951 223952 223953 223954 223955 223956 223957 223958 223959 223960 223962 223963 223964 223965 223966 223967 223968 223969 223970 223971 223972 223973 224006 224007 224008 224009 224010 224011 224012 224013 224014 224015 #
223990: 224101 223951 223952 223953 223954 223955 223956 223957 223958 223959 223960 223961 223962 223963 223964 223965 223966 223967 223968 223969 223970 223971 223972 223973 224006 224007 224008 224009 224010 224011 224012 224013 224015 #
223991: 224102 223951 223952 223953 223954 223955 223956 223957 223958 223959 223960 223961 223962 223963 223964 223965 223966 223967 223968 223969 223970 223971 223972 223973 224006 224007 224008 224009 224010 224011 224013 224014 224015 #
223992: 224103 223951 223952 223953 223954 223955 223956 223957 223958 223959 223960 223961 223962 223963 223964 223965 223966 223967 223968 223969 223970 223971 223972 223973 224006 224007 224008 224009 224010 224011 224012 224013 224014 #
223993: 224107 223951 223952 223953 223954 223955 223956 223957 223958 223959 223960 223961 223962 223963 223964 223965 223966 223967 223968 223969 223970 223971 223972 223973 224006 224007 224008 224010 224011 224012 224013 224014 224015 #
223994: 224108 223951 223952 223953 223954 223955 223956 223957 223958 223959 223960 223961 223962 223963 223964 223965 223966 223967 223968 223969 223970 223971 223972 223973 224006 224007 224008 224009 224011 224012 224013 224014 224015 #
223995: 224109 223951 223952 223953 223954 223955 223956 223957 223958 223959 223960 223961 223962 223963 223964 223965 223966 223967 223968 223969 223970 223971 223972 223973 224006 224008 224009 224010 224011 224012 224013 224014 224015 #
223996: 224110 223951 223952 223953 223954 223955 223956 223957 223958 223959 223960 223961 223962 223963 223964 223965 223966 223967 223968 223969 223970 223971 223972 223973 224007 224008 224009 224010 224011 224012 224013 224014 224015 #
223997: 224111 223951 223952 223953 223954 223955 223956 223957 223959 223960 223961 223962 223963 223964 223965 223966 223967 223968 223969 223970 223971 223972 223973 224006 224007 224008 224009 224010 224011 224012 224013 224014 224015 #
223998: 224112 223952 223953 223954 223955 223956 223957 223958 223959 223960 223961 223962 223963 223964 223965 223966 223967 223968 223969 223970 223971 223972 223973 224006 224007 224008 224009 224010 224011 224012 224013 224014 224015 #
223999: 224113 223951 223952 223953 223954 223955 223956 223957 223958 223959 223960 223961 223962 223964 223965 223966 223967 223968 223969 223970 223971 223972 223973 224006 224007 224008 224009 224010 224011 224012 224013 224014 224015 #
224000: 224114 223951 223952 223953 223954 223955 223956 223957 223958 223959 223960 223961 223962 223963 223964 223965 223966 223967 223969 223970 223971 223972 223973 224006 224007 224008 224009 224010 224011 224012 224013 224014 224015 #
224001: 224115 223951 223952 223953 223954 223955 223956 223957 223958 223959 223960 223961 223962 223963 223964 223965 223966 223968 223969 223970 223971 223972 223973 224006 224007 224008 224009 224010 224011 224012 224013 224014 224015 #
224002: 224116 223951 223952 223954 223955 223956 223957 223958 223959 223960 223961 223962 223963 223964 223965 223966 223967 223968 223969 223970 223971 223972 223973 224006 224007 224008 224009 224010 224011 224012 224013 224014 224015 #
224003: 224117 223951 223952 223953 223954 223955 223956 223957 223958 223959 223960 223961 223963 223964 223965 223966 223967 223968 223969 223970 223971 223972 223973 224006 224007 224008 224009 224010 224011 224012 224013 224014 224015 #
224004: 224118 223951 223952 223953 223954 223955 223956 223957 223958 223959 223960 223961 223962 223963 223964 223965 223966 223967 223968 223969 223970 223971 223972 224006 224007 224008 224009 224010 224011 224012 224013 224014 224015 #
224005: 224119 223951 223952 223953 223954 223955 223956 223957 223958 223959 223960 223961 223962 223963 223964 223965 223967 223968 223969 223970 223971 223972 223973 224006 224007 224008 224009 224010 224011 224012 224013 224014 224015 #
224006: #
224007: #
224008: #
224009: #
224010: #
224011: #
224012: #
224013: #
224014: #
224015: #
224016: 224018 #
224017: #
224018: 224017 #
224019: 224020 #
224020: 224121 224021 #
224021: 224022 #
224022: 224121 224023 #
224023: 223945 #
224024: 223946 #
224025: 223947 #
224026: 224027 #
224027: 224124 224028 #
224028: 224029 #
224029: 224124 224030 #
224030: 223948 #
224031: 223949 #
224032: 223950 #
224033: 223961 #
224034: 224011 #
224035: #
224036: 224010 #
224037: 224008 #
224038: 224015 #
224039: 224009 #
224040: 224013 #
224041: 224012 #
224042: #
224043: 224014 #
224044: 223951 #
224045: 223954 #
224046: 223958 #
224047: 223957 #
224048: 223960 #
224049: 224007 #
224050: 223953 #
224051: 223968 #
224052: 223963 #
224053: 223973 #
224054: 223962 #
224055: 223965 #
224056: 223966 #
224057: 223967 #
224058: 223956 #
224059: 223955 #
224060: 223969 #
224061: 223972 #
224062: 223964 #
224063: 223970 #
224064: 223971 #
224065: 223952 #
224066: 223959 #
224067: 224006 #
224068: 224035 #
224069: 224042 #
224070: 224071 #
224071: #
224072: 224073 #
224073: #
224074: 224075 #
224075: #
224076: 224077 #
224077: #
224078: 224079 #
224079: #
224080: 224081 #
224081: #
224082: 224083 #
224083: #
224084: 224085 #
224085: #
224086: 224087 #
224087: #
224088: 224060 #
224089: 224059 #
224090: 224045 #
224091: 224063 #
224092: 224064 #
224093: 224061 #
224094: 224058 #
224095: 224047 #
224096: 224062 #
224097: 224065 #
224098: 224048 #
224099: 224066 #
224100: 224033 #
224101: 224043 #
224102: 224041 #
224103: 224038 #
224104: 224040 #
224105: 224034 #
224106: 224037 #
224107: 224039 #
224108: 224036 #
224109: 224049 #
224110: 224067 #
224111: 224046 #
224112: 224044 #
224113: 224052 #
224114: 224051 #
224115: 224057 #
224116: 224050 #
224117: 224054 #
224118: 224053 #
224119: 224056 #
224120: 224055 #
224121: 223952 #
224122: 223953 #
224123: 223951 #
224124: 223955 #
224125: 223956 #
224126: 223951 #
224127: #
224128: 224123 #
224129: 223951 #
224130: 224126 #

0
