graph_for_greach
157
0: #
1: 2 3 4 5 5 6 6 7 8 9 10 11 12 12 13 14 14 15 16 17 17 18 19 19 20 21 #
2: #
3: #
4: #
5: #
6: #
7: #
8: #
9: #
10: #
11: #
12: 122 122 122 125 5 5 5 5 5 117 88 88 88 88 88 88 88 88 88 88 88 88 88 88 88 88 88 88 88 88 88 88 88 88 88 88 139 140 18 33 33 14 14 14 14 14 11 22 22 22 17 17 17 19 19 19 141 141 141 141 66 66 66 66 61 61 51 51 142 142 142 142 7 #
13: 99 99 99 99 99 99 99 99 99 99 99 99 119 119 #
14: 100 100 100 100 100 100 100 128 17 18 114 19 77 77 77 77 77 77 77 #
15: 73 73 73 73 73 73 73 73 73 73 73 73 50 50 50 50 50 50 50 50 50 50 50 50 #
16: 18 18 18 18 18 18 18 18 18 18 18 18 50 50 50 50 50 50 50 50 50 50 50 50 50 73 73 73 73 73 73 73 73 73 73 73 73 73 #
17: 76 #
18: #
19: 76 #
20: #
21: #
22: 13 14 5 #
23: 24 24 24 24 24 24 24 25 25 25 26 26 26 26 26 26 26 27 27 28 28 29 29 30 30 17 17 18 18 18 18 18 31 31 19 19 19 19 19 32 33 33 33 34 35 10 9 36 37 38 39 39 40 40 41 41 42 43 43 44 44 44 45 46 #
24: #
25: 14 51 51 5 #
26: 31 15 30 25 17 19 3 40 41 44 #
27: #
28: 114 13 30 30 128 41 41 #
29: 13 13 13 15 30 30 16 3 41 41 4 #
30: 99 75 75 73 73 73 73 73 73 73 73 73 73 #
31: 33 33 33 73 73 73 73 73 73 73 73 73 73 73 73 73 73 30 30 30 30 79 78 80 72 81 82 50 50 83 84 41 41 41 41 85 86 #
32: #
33: #
34: #
35: #
36: 92 92 92 92 48 48 97 97 94 94 95 95 95 95 88 88 88 88 66 102 102 49 49 127 127 105 105 90 90 104 104 #
37: 88 #
38: #
39: #
40: #
41: #
42: #
43: #
44: #
45: #
46: #
47: 48 49 #
48: #
49: 3 4 146 15 16 17 18 18 19 19 106 #
50: #
51: #
52: #
53: 54 55 56 57 #
54: #
55: 92 93 95 96 #
56: #
57: #
58: #
59: #
60: #
61: 62 62 62 62 62 62 63 63 63 63 63 63 #
62: #
63: #
64: #
65: #
66: #
67: 68 68 68 68 #
68: #
69: #
70: 71 71 71 71 71 71 71 71 71 71 71 71 71 71 71 71 71 71 71 71 #
71: #
72: 73 73 73 73 73 50 50 50 #
73: #
74: 73 73 50 50 #
75: #
76: #
77: 48 49 #
78: #
79: 50 73 #
80: 73 73 73 73 73 73 107 107 107 107 107 107 107 107 107 107 107 107 107 107 107 107 107 107 107 107 107 107 107 107 107 107 107 107 107 107 107 107 107 107 107 107 107 107 107 107 107 107 107 107 107 107 107 107 50 50 108 108 108 108 108 108 108 108 108 108 108 108 108 108 108 108 108 108 108 108 108 108 108 108 108 108 108 108 108 108 108 108 108 108 108 108 108 108 108 108 108 108 108 108 108 108 108 108 #
81: 50 50 50 50 98 98 73 73 73 73 #
82: 107 107 108 108 #
83: #
84: #
85: #
86: #
87: #
88: #
89: 37 46 #
90: #
91: 92 92 93 94 94 95 95 76 76 96 97 97 #
92: #
93: #
94: 64 64 9 87 87 #
95: #
96: 107 108 #
97: #
98: #
99: #
100: #
101: 102 103 103 104 #
102: 97 97 97 97 97 97 97 97 97 97 97 92 92 92 92 92 92 92 92 92 92 92 92 92 92 92 48 48 48 48 48 48 113 113 113 113 113 113 113 113 113 113 113 113 113 113 113 113 113 113 113 113 113 113 113 113 113 113 113 113 113 113 113 113 113 113 113 113 113 113 113 113 113 113 113 113 113 113 113 113 113 113 113 113 113 113 113 113 113 113 113 113 113 113 113 113 113 113 113 113 113 113 113 113 113 113 113 113 113 113 113 113 113 113 113 113 113 113 113 113 113 113 113 113 113 113 113 113 113 49 49 49 49 49 49 118 118 118 118 118 66 66 66 66 66 66 66 95 95 95 95 95 95 95 95 95 95 95 95 95 95 95 154 149 3 3 121 54 54 125 125 83 93 93 55 55 124 124 124 58 58 94 94 94 94 94 94 94 94 94 94 94 47 14 14 14 14 4 4 84 111 111 139 139 132 132 132 132 132 132 31 31 76 91 144 151 151 151 151 151 5 5 5 5 85 52 53 15 15 16 16 17 19 155 147 96 96 136 82 80 72 81 51 51 51 51 51 51 51 11 60 60 86 7 40 40 #
103: 59 #
104: #
105: 88 88 #
106: #
107: #
108: #
109: 69 69 69 69 73 73 73 73 73 73 73 73 110 110 110 110 107 107 107 107 108 108 108 108 #
110: #
111: #
112: 33 #
113: #
114: 99 99 99 99 99 99 107 107 73 73 73 73 73 73 73 73 73 73 73 73 73 73 73 73 73 73 73 115 115 50 50 50 50 50 50 50 50 50 50 50 50 50 18 18 116 116 116 116 116 116 116 116 116 116 116 116 116 116 116 116 108 108 #
115: #
116: #
117: #
118: #
119: #
120: #
121: #
122: #
123: #
124: 17 #
125: #
126: #
127: #
128: #
129: #
130: #
131: #
132: #
133: 71 #
134: 108 108 108 108 108 108 108 108 108 108 108 108 108 108 108 108 108 108 108 108 108 0 0 0 0 0 0 0 0 0 0 0 0 0 107 107 107 107 107 107 107 107 107 107 107 107 107 107 107 107 107 107 107 107 107 73 73 73 73 73 73 73 73 73 73 73 73 73 74 74 74 74 135 135 135 135 120 76 #
135: 73 73 50 50 #
136: #
137: #
138: 126 126 #
139: 2 58 20 #
140: 3 4 40 40 5 15 16 17 17 18 31 31 145 145 19 19 14 65 65 #
141: 30 30 19 19 19 19 19 18 18 18 18 33 150 150 150 25 25 26 26 26 26 23 23 23 23 32 27 17 17 34 35 89 89 38 44 44 129 129 129 129 131 131 131 42 24 24 24 24 41 41 123 123 #
142: #
143: 138 138 138 138 138 138 138 138 138 138 138 138 138 138 138 138 138 138 138 138 138 138 138 126 126 #
144: #
145: 99 99 73 73 73 73 73 73 73 73 73 73 73 73 75 #
146: 3 4 15 16 17 18 19 #
147: #
148: #
149: #
150: 88 19 19 19 14 14 14 14 17 17 17 10 10 13 13 66 66 51 61 61 5 5 5 5 #
151: #
152: 48 49 #
153: #
154: 54 93 55 96 76 #
155: 3 4 15 16 5 17 18 14 19 #
156: #
