graph_for_greach
1584
0: #
1: #
2: #
3: #
4: 5 6 7 8 9 10 11 12 13 14 15 16 17 18 19 20 21 22 23 24 #
5: 253 262 #
6: 8 5 117 117 83 83 31 323 16 42 329 120 120 91 91 24 #
7: 216 253 253 202 204 203 200 190 213 289 192 218 290 262 262 220 221 222 #
8: 343 344 345 346 #
9: 106 30 30 108 108 108 108 108 108 108 108 108 108 108 73 73 674 697 675 237 676 67 67 67 67 67 37 37 1294 801 500 286 1295 1295 1295 1295 1295 1295 1295 1295 1295 1295 1295 1061 1296 1192 77 77 #
10: 508 31 509 516 42 517 #
11: 249 405 406 250 #
12: 300 37 9 73 67 83 113 226 48 30 227 77 57 107 22 91 123 #
13: 343 47 344 345 55 346 #
14: #
15: 984 984 984 295 295 295 1382 1382 1382 73 73 1402 1402 1402 77 77 #
16: #
17: #
18: #
19: #
20: #
21: #
22: #
23: #
24: #
25: #
26: #
27: #
28: 29 29 30 30 31 32 33 34 34 10 10 25 35 36 37 37 38 17 17 39 40 41 42 43 44 45 #
29: #
30: #
31: #
32: 494 343 856 346 #
33: 344 345 #
34: 376 376 681 681 562 562 562 562 561 561 379 379 433 433 564 564 565 565 565 565 #
35: 671 1245 #
36: 67 67 #
37: 363 363 216 482 253 253 202 483 361 361 204 203 200 190 213 289 484 192 218 290 262 262 220 221 222 485 #
38: 376 376 559 559 34 33 29 39 964 964 379 379 #
39: #
40: #
41: #
42: #
43: #
44: #
45: #
46: 47 48 48 48 48 15 15 49 50 50 51 52 53 54 19 19 55 56 56 57 57 57 57 58 59 60 #
47: 553 508 216 216 216 216 216 282 70 71 80 73 73 73 73 73 73 73 73 73 73 73 73 73 74 74 74 74 74 72 10 509 303 492 492 83 202 202 202 202 202 428 429 831 1140 203 67 67 67 160 283 75 550 550 17 76 304 220 77 77 77 77 77 77 77 77 77 77 77 77 77 910 976 88 165 430 91 78 78 78 78 78 #
48: 253 686 240 262 #
49: 70 71 72 73 74 75 76 77 78 #
50: 295 295 295 1387 1387 1387 73 73 77 77 1110 1110 1110 #
51: 49 128 129 59 #
52: 159 160 372 372 135 135 80 74 371 371 737 269 155 374 137 137 727 88 165 78 #
53: 32 174 174 33 33 33 33 600 601 602 156 31 31 171 253 15 15 15 15 15 15 190 204 25 603 192 39 39 39 39 19 19 19 19 19 19 604 41 262 42 42 605 222 164 45 178 178 #
54: #
55: #
56: #
57: #
58: #
59: #
60: #
61: 53 47 48 48 15 15 49 54 19 19 55 57 57 59 #
62: 63 64 #
63: 155 31 200 407 33 253 635 361 80 159 15 15 7 7 7 160 48 48 74 49 42 409 363 39 19 19 262 221 57 57 639 21 21 21 88 165 78 59 #
64: #
65: 66 67 67 68 33 33 39 39 69 #
66: 1091 1171 #
67: #
68: #
69: #
70: 292 0 #
71: 303 36 67 40 304 #
72: #
73: 283 282 #
74: 17 10 #
75: #
76: #
77: #
78: #
79: 80 81 81 81 81 81 81 82 83 84 85 86 87 88 89 89 89 89 89 89 90 91 #
80: 282 70 73 71 160 283 74 75 76 77 165 78 #
81: 283 283 226 226 562 562 562 562 562 562 561 561 561 67 67 349 349 112 112 112 112 112 376 376 376 376 376 376 376 204 204 204 204 204 205 205 205 205 509 509 114 114 114 114 114 508 508 227 227 643 10 10 968 156 645 645 340 340 936 936 158 282 282 26 26 17 17 217 217 217 217 341 341 646 379 379 379 379 379 379 379 163 222 222 222 222 222 164 864 864 677 677 564 564 564 825 565 565 565 565 565 565 #
82: 35 43 #
83: 343 160 165 346 #
84: #
85: 81 89 #
86: #
87: #
88: #
89: #
90: #
91: #
92: 93 94 95 96 97 98 99 100 101 102 103 104 #
93: #
94: #
95: #
96: 269 374 #
97: 156 156 205 205 83 9 204 164 164 381 226 226 618 253 113 632 941 227 227 217 217 262 222 22 91 1437 123 #
98: 204 204 204 204 204 204 204 204 281 281 281 281 281 281 281 281 281 281 281 281 281 281 892 892 892 892 114 114 114 114 114 990 990 990 990 990 990 990 990 990 35 35 35 85 47 1027 1027 1027 1027 1027 1027 1027 112 112 112 112 112 84 84 37 37 37 37 37 37 1032 898 67 30 30 30 30 30 30 624 1194 1194 148 816 80 203 1207 903 509 79 1208 1209 1210 897 117 117 83 9 1211 214 508 952 632 361 361 1006 818 818 113 113 113 113 113 896 1212 253 620 206 961 86 86 1213 1213 1213 1213 1213 1213 1213 1214 1214 363 363 1183 1030 1030 1030 1030 1030 1030 1030 1030 1030 55 1215 262 220 151 953 953 953 953 1128 222 222 222 222 222 222 222 222 1216 653 653 653 653 653 653 653 653 653 653 653 653 653 653 43 43 43 820 820 1217 88 120 120 22 1218 90 91 1002 123 123 123 123 123 #
99: 361 818 818 171 171 270 270 270 363 878 816 816 49 271 271 271 1216 1216 820 820 617 59 #
100: 115 115 115 115 115 115 115 35 35 35 35 35 35 35 35 35 35 35 35 35 35 35 67 67 67 67 67 67 67 67 67 67 67 67 67 67 67 67 568 818 818 148 73 363 82 273 685 361 1542 1466 1107 87 1518 151 77 43 43 43 43 43 43 43 43 43 43 43 43 43 43 43 820 820 1303 122 122 122 122 122 122 122 #
101: 67 #
102: #
103: #
104: #
105: #
106: #
107: #
108: #
109: 81 110 83 9 111 112 112 113 113 113 114 114 35 35 115 116 117 118 119 43 43 89 120 22 91 121 122 123 123 123 #
110: 6 202 148 253 216 262 151 23 #
111: 643 643 205 644 644 340 562 645 561 67 26 217 341 646 646 647 647 564 565 #
112: 31 190 407 33 117 200 253 120 409 192 39 262 221 42 #
113: 83 91 #
114: #
115: 363 363 482 1205 253 253 202 483 361 361 204 203 382 200 190 213 270 216 192 218 271 262 262 478 220 221 1206 222 #
116: 253 200 31 190 407 33 283 408 409 282 192 39 262 221 42 410 #
117: 10 408 48 31 5 5 323 17 57 42 410 329 24 24 #
118: #
119: #
120: #
121: #
122: #
123: #
124: #
125: #
126: 127 128 48 57 129 130 #
127: 190 135 205 205 205 115 115 217 217 217 192 137 122 122 #
128: 70 71 72 73 74 75 76 77 78 #
129: #
130: #
131: 35 43 #
132: #
133: 31 134 134 135 136 137 42 138 139 139 #
134: 67 67 67 67 67 67 67 67 837 848 #
135: 54 53 31 283 283 283 283 83 925 205 892 160 160 659 73 73 204 33 282 282 282 282 217 39 77 77 42 953 222 660 165 165 523 91 #
136: #
137: #
138: #
139: #
140: #
141: 142 143 143 143 143 143 144 144 145 145 145 145 145 145 146 80 147 148 149 150 150 150 150 150 151 88 140 140 140 140 140 140 152 153 153 #
142: 30 30 935 37 37 509 1447 1447 836 836 67 269 269 269 269 846 846 204 204 204 1448 1448 694 35 35 35 520 520 508 374 374 374 374 993 993 222 222 222 725 725 43 43 43 1429 1429 #
143: 184 210 210 761 762 223 223 579 #
144: 1169 698 #
145: #
146: 148 148 151 151 #
147: 486 437 167 148 394 151 487 443 #
148: 186 185 67 67 67 134 139 #
149: #
150: #
151: #
152: #
153: #
154: 155 156 157 158 159 160 15 161 7 7 48 48 48 49 80 162 19 163 57 57 57 164 21 21 88 165 59 #
155: #
156: 257 257 257 257 888 888 888 259 259 259 259 1383 1383 1383 #
157: #
158: 1154 1155 #
159: 282 71 72 292 160 283 74 75 165 78 0 #
160: 292 73 182 77 183 0 #
161: #
162: #
163: #
164: #
165: #
166: #
167: 164 168 169 170 171 145 145 145 172 143 173 156 174 15 148 175 176 19 150 151 177 140 140 140 178 #
168: 143 172 148 150 151 177 #
169: 83 91 #
170: #
171: #
172: 1176 6 6 6 23 23 23 #
173: 177 143 172 148 150 151 #
174: 343 49 346 59 #
175: #
176: #
177: #
178: #
179: 86 180 181 84 67 67 182 183 #
180: #
181: #
182: 67 #
183: #
184: 185 186 #
185: #
186: #
187: #
188: 189 49 48 190 57 191 192 59 #
189: 562 195 228 947 689 1323 230 948 231 1013 565 693 #
190: #
191: #
192: #
193: #
194: 7 21 #
195: 196 197 #
196: 67 67 69 66 68 #
197: #
198: 114 199 200 200 201 201 201 201 202 202 202 202 202 202 83 113 113 113 113 112 117 117 203 203 204 205 206 148 207 208 209 210 211 143 212 190 213 214 215 215 215 215 216 216 216 216 216 216 217 192 218 219 150 220 220 151 221 221 222 223 224 120 120 91 123 123 123 123 #
199: #
200: 182 183 #
201: 249 250 #
202: 249 250 #
203: 249 250 #
204: 343 80 88 346 #
205: 282 70 73 71 160 283 74 75 76 77 165 78 #
206: 942 942 942 942 1156 1156 1156 1156 1156 1156 1156 1156 1156 1156 1156 1156 582 582 932 932 932 932 932 932 1266 1266 1266 1266 1266 1266 1266 1266 586 586 243 243 143 143 143 143 143 143 143 143 143 143 143 143 143 143 143 143 143 143 143 143 143 143 143 143 143 143 143 143 143 143 143 143 143 143 143 143 143 143 143 143 143 143 143 143 143 143 143 143 143 143 143 143 143 143 143 143 143 143 143 143 143 143 143 143 143 143 143 143 143 143 143 143 143 143 143 143 143 143 143 143 143 143 143 143 143 143 143 143 143 143 143 143 143 143 143 143 143 143 143 143 143 143 143 143 143 143 143 143 1267 1267 741 741 1268 1268 1268 1268 1268 1268 1268 1268 585 585 585 585 585 585 585 585 585 585 585 585 585 585 585 585 966 966 966 966 966 966 966 966 966 966 966 966 966 966 966 966 966 966 966 966 765 765 765 765 765 765 765 765 765 765 765 765 765 765 439 439 439 439 439 439 439 439 439 439 439 439 439 439 439 439 439 439 439 439 439 439 1269 1269 1269 1269 1269 1269 1269 1269 462 462 462 462 462 462 462 462 462 462 462 462 1270 1270 1270 1270 1270 1270 1270 1270 147 147 147 147 147 147 147 147 147 147 147 147 147 147 147 147 147 147 147 147 147 147 147 147 147 147 147 147 147 147 147 147 147 147 147 147 147 147 147 147 147 147 147 147 147 147 147 147 147 147 147 147 147 147 147 147 147 147 147 147 1271 1271 780 780 780 780 780 780 527 527 527 527 527 527 527 527 527 527 527 527 527 527 527 527 527 527 527 527 527 527 527 527 527 527 527 527 527 527 463 463 463 463 463 463 306 306 306 306 306 306 306 306 306 306 306 306 306 306 1272 1272 1272 1272 390 390 390 390 390 755 764 764 939 939 939 939 1115 1115 650 650 650 650 144 144 144 144 144 144 144 144 144 144 144 144 144 144 144 144 144 144 144 144 144 144 1246 1246 486 486 486 486 486 486 486 486 486 486 486 486 486 486 486 486 1273 1273 1273 1273 588 588 588 588 588 588 588 588 588 588 588 588 588 588 1274 1274 1274 1274 1274 1274 526 526 567 567 804 804 804 804 766 766 766 766 1243 1243 1243 1243 1275 1275 1275 1275 1236 1236 461 461 461 461 461 461 461 461 305 305 305 305 1164 1164 1000 1000 1000 1000 1000 1000 1000 1000 1000 1000 1000 1000 1000 1000 211 211 211 211 1169 1169 1169 1169 1248 1248 1248 1248 1248 1248 1248 1248 1276 1276 1276 1276 1276 1276 446 446 446 446 446 446 446 446 493 493 753 753 860 860 141 141 141 141 1277 1277 873 873 781 781 546 546 865 865 1278 1278 1278 1278 1278 1278 1278 1278 233 1 1 1 1 584 584 124 124 124 124 2 2 2 2 2 2 730 730 1256 1256 1256 1256 1256 1256 391 391 391 391 391 441 441 441 441 441 441 441 441 441 441 441 441 441 441 441 441 441 441 441 441 441 441 1279 1279 782 782 1049 1049 219 219 219 219 150 150 150 150 150 150 150 150 150 150 150 150 150 150 150 150 150 150 150 150 150 150 150 150 150 150 150 150 150 150 150 150 150 150 150 150 150 150 150 150 150 150 150 150 150 150 150 150 150 150 150 150 150 150 150 150 150 150 150 150 150 150 150 150 150 150 150 150 150 150 150 150 150 150 150 150 150 150 150 150 150 150 150 150 150 150 150 150 150 150 150 150 150 150 150 150 150 150 150 150 150 150 150 150 150 150 150 150 1166 1166 1166 1166 1280 1280 1280 1280 589 589 589 589 589 589 589 589 589 589 589 589 589 589 589 589 1281 1281 651 651 651 651 651 651 651 651 487 487 487 487 487 487 487 487 487 487 487 487 487 487 487 487 1282 1282 1282 1282 1282 1282 1282 1282 590 590 590 590 590 590 590 590 590 590 590 590 590 590 466 466 466 466 466 466 466 466 466 466 466 466 1247 1247 1247 1247 1247 1247 1247 1247 1247 1247 1247 1247 742 742 713 713 713 713 1283 1283 1283 1283 1283 1283 1283 1283 467 467 467 467 467 467 467 467 454 454 454 454 1284 1284 1284 1284 1157 1157 1157 1157 1157 1157 1285 1285 1286 1286 972 972 972 972 1258 1258 1258 1258 1287 1287 1116 1116 1116 1116 1116 1116 1004 1004 1004 1004 1004 1004 1004 1004 1004 1004 1004 1004 1004 1004 1004 1004 1004 1004 1004 1004 654 654 654 654 581 581 581 581 581 581 791 791 1001 1001 307 307 307 307 307 307 307 307 307 307 307 307 307 307 152 152 152 152 152 152 152 152 152 152 152 152 152 152 152 152 152 152 152 152 152 152 152 152 152 152 152 152 152 152 152 152 152 152 152 152 152 152 152 152 152 152 152 152 152 152 152 152 152 152 152 152 152 152 152 152 152 152 152 152 528 528 528 528 528 528 528 528 528 528 528 528 528 528 528 528 528 528 528 528 528 528 528 528 528 528 528 528 528 528 193 193 1050 1050 1050 1050 1050 1050 1050 1050 1050 1050 1050 1050 1050 1050 698 698 698 698 767 767 767 767 767 767 767 767 767 767 767 767 767 767 153 153 153 153 153 153 153 153 153 153 153 153 153 153 153 153 153 153 153 153 153 153 #
207: #
208: #
209: 249 250 #
210: 156 156 184 760 761 762 164 164 763 579 #
211: 210 210 143 830 440 150 223 223 538 351 #
212: 932 204 168 586 584 175 222 581 #
213: 254 254 190 704 205 205 171 600 207 818 818 256 253 253 252 602 603 217 217 192 260 604 261 261 656 262 262 264 820 820 #
214: #
215: #
216: #
217: #
218: #
219: #
220: #
221: #
222: #
223: #
224: #
225: 226 227 228 228 229 195 230 231 231 232 #
226: 195 83 230 91 #
227: #
228: 16 1411 321 8 324 31 204 33 67 68 1018 196 39 42 222 197 #
229: 321 322 323 324 136 136 325 320 326 327 328 329 330 138 138 331 #
230: #
231: #
232: #
233: #
234: #
235: 156 156 54 53 164 164 #
236: #
237: #
238: #
239: #
240: #
241: 53 156 49 48 48 128 54 129 57 57 164 59 #
242: #
243: 244 148 145 245 147 246 151 140 247 152 #
244: 6 562 562 602 253 643 184 184 184 184 184 15 15 202 174 216 19 19 604 646 262 579 579 579 579 579 23 565 565 178 #
245: 210 486 487 223 #
246: #
247: #
248: 249 250 #
249: 182 183 #
250: #
251: 252 253 253 254 202 255 83 256 257 156 156 37 15 15 258 30 216 259 260 19 19 261 262 262 263 164 164 264 91 265 #
252: 411 412 #
253: 182 183 #
254: 249 250 #
255: 249 250 #
256: 182 183 #
257: 136 138 #
258: 115 343 47 47 55 55 346 122 #
259: #
260: #
261: #
262: #
263: #
264: #
265: #
266: 267 115 268 35 7 43 21 122 #
267: #
268: 30 270 635 258 190 407 33 31 5 37 382 48 361 253 200 409 363 192 39 271 262 478 221 57 42 639 24 265 #
269: 270 271 #
270: 1237 1238 #
271: #
272: #
273: 274 275 #
274: #
275: #
276: 30 86 86 277 277 277 277 278 278 278 278 278 278 278 278 84 84 37 67 279 279 279 279 #
277: #
278: 998 #
279: #
280: #
281: 155 282 159 160 283 74 165 78 #
282: #
283: #
284: #
285: 5 24 #
286: 287 288 #
287: #
288: #
289: 562 73 205 205 160 371 371 996 868 868 878 878 207 484 995 372 372 217 217 77 1178 1178 485 617 617 165 565 #
290: #
291: #
292: 33 39 #
293: #
294: 53 47 48 48 156 156 295 295 7 54 49 128 51 55 129 57 57 164 164 21 59 60 #
295: #
296: 297 297 7 7 252 260 298 298 21 21 #
297: 31 135 136 136 196 13 435 596 322 36 137 40 272 42 330 431 138 138 14 197 #
298: #
299: 53 300 49 48 48 48 48 156 156 156 128 128 128 135 80 301 47 159 155 54 137 302 55 129 129 129 57 57 57 57 107 164 164 164 88 59 #
300: 363 253 361 686 240 262 #
301: 371 372 #
302: #
303: 67 #
304: #
305: 306 306 307 307 #
306: 143 184 150 579 #
307: #
308: #
309: 7 21 #
310: #
311: 135 135 161 49 48 59 162 137 137 57 #
312: 135 313 314 51 48 190 137 192 57 315 316 60 #
313: #
314: #
315: #
316: #
317: 318 319 #
318: 122 122 452 143 143 143 143 211 147 147 147 135 135 135 81 81 81 173 173 173 461 115 115 148 148 148 148 388 388 388 462 462 462 463 145 440 453 464 438 438 465 465 465 2 137 137 137 176 176 176 442 442 219 150 150 150 150 151 151 151 151 466 466 466 467 456 89 89 89 351 140 457 468 152 152 152 #
319: #
320: 282 283 #
321: #
322: #
323: 409 10 407 33 17 39 #
324: 566 1045 #
325: 327 324 136 136 326 320 321 328 138 138 #
326: 282 67 67 283 #
327: #
328: #
329: #
330: #
331: #
332: 333 334 #
333: 337 338 #
334: #
335: #
336: 337 338 #
337: 7 21 #
338: #
339: 81 340 341 89 #
340: 226 227 #
341: #
342: #
343: 570 570 1201 1201 #
344: 182 183 #
345: #
346: #
347: #
348: #
349: 38 44 #
350: 81 10 17 89 #
351: #
352: 190 192 #
353: 135 49 48 190 192 137 57 59 #
354: #
355: 253 356 254 202 202 357 111 84 358 359 249 360 256 208 361 362 363 216 216 86 261 262 264 364 365 250 366 121 367 #
356: 233 233 233 215 215 215 215 215 215 215 215 216 216 216 216 372 201 201 201 201 201 201 201 201 202 202 202 202 357 360 360 360 360 360 360 360 755 755 755 664 664 33 33 371 204 39 39 222 756 756 366 366 366 366 366 366 366 367 #
357: 249 250 #
358: 249 250 #
359: 215 225 202 201 203 216 1097 220 #
360: 249 250 #
361: 879 881 #
362: #
363: #
364: #
365: #
366: #
367: #
368: #
369: #
370: 371 48 372 57 #
371: 155 282 159 160 283 74 165 78 #
372: #
373: 269 67 374 #
374: #
375: 135 115 376 377 137 378 379 122 #
376: 84 67 283 227 226 282 86 #
377: 30 30 37 37 35 9 28 43 22 310 #
378: #
379: #
380: 190 128 53 156 48 129 54 192 57 164 #
381: #
382: 383 113 384 123 #
383: #
384: 818 253 200 33 33 190 407 31 254 635 174 409 283 283 67 67 282 282 192 39 39 261 262 221 42 639 820 178 #
385: 155 159 204 33 386 39 222 387 #
386: 603 390 390 390 562 33 33 33 204 204 253 602 601 190 600 171 192 391 391 391 39 39 39 604 262 605 222 222 565 #
387: #
388: 389 390 391 392 #
389: #
390: 953 953 953 953 953 953 953 204 204 33 33 892 892 892 892 892 892 892 301 39 39 302 222 222 #
391: #
392: #
393: 318 318 167 394 319 319 #
394: #
395: #
396: 253 254 256 261 262 264 #
397: 7 21 #
398: 135 252 161 399 205 400 400 400 190 190 74 74 83 83 35 33 182 401 162 217 192 192 39 137 260 187 183 43 402 403 403 403 91 91 78 78 #
399: 30 419 161 37 424 81 49 706 422 6 9 707 162 425 426 89 22 23 59 #
400: 70 15 15 160 371 371 80 136 136 372 372 76 19 19 138 138 88 165 #
401: 191 6 420 420 420 189 421 421 421 23 #
402: #
403: #
404: 249 405 406 250 #
405: 83 31 202 48 216 57 42 91 #
406: #
407: 937 938 #
408: #
409: #
410: #
411: 574 1189 #
412: #
413: 414 8 136 136 25 31 31 323 415 16 329 41 42 42 138 138 #
414: #
415: 787 490 #
416: 53 156 156 54 164 164 #
417: #
418: 135 135 419 161 49 49 48 48 420 420 189 421 421 422 423 423 13 424 191 162 425 137 137 426 57 57 427 427 14 59 59 #
419: 562 562 562 340 340 340 536 536 536 161 161 161 161 31 135 341 341 341 162 162 162 162 137 42 537 537 537 565 565 565 #
420: #
421: #
422: 67 67 #
423: 422 419 269 135 135 374 137 137 426 #
424: 508 422 269 509 374 #
425: #
426: #
427: #
428: 429 430 #
429: #
430: #
431: #
432: #
433: #
434: #
435: 8 16 31 136 136 83 135 33 323 39 137 42 329 138 138 91 #
436: 437 438 143 147 439 440 441 442 150 443 351 152 #
437: 1169 184 579 698 #
438: 781 173 782 176 #
439: 1169 698 #
440: #
441: #
442: #
443: #
444: 182 182 269 269 283 282 374 374 183 183 #
445: 343 80 88 346 #
446: #
447: #
448: #
449: #
450: 204 168 168 451 141 439 439 143 143 143 174 438 30 148 37 452 453 175 175 441 441 442 150 150 150 151 222 454 455 456 457 178 #
451: #
452: 389 390 391 392 #
453: 389 390 391 392 #
454: #
455: #
456: #
457: #
458: 459 49 48 57 166 59 #
459: 1051 135 137 1257 #
460: 73 31 49 77 42 59 #
461: 143 147 150 152 #
462: 215 186 201 15 184 389 390 306 306 306 185 172 6 6 6 788 788 177 391 19 579 23 23 23 392 307 307 307 #
463: 143 147 150 152 #
464: 389 390 391 392 #
465: #
466: #
467: #
468: #
469: 372 372 204 371 371 470 470 390 471 472 472 472 168 175 391 222 473 473 132 #
470: 1265 400 403 477 #
471: 111 111 121 121 #
472: #
473: #
474: #
475: #
476: 127 278 130 #
477: #
478: #
479: 480 481 #
480: 1069 1069 1069 1069 1070 1070 1070 1070 1070 1070 1070 1070 1070 1070 1070 1070 1070 1070 1070 1070 1070 1070 1070 1070 1070 1070 1070 1070 1070 1070 1070 1070 1070 1070 1070 1070 1070 1070 1070 1070 1070 1070 1071 1071 1071 1071 135 626 67 67 509 47 1072 1072 867 867 867 1073 508 30 30 625 625 625 37 37 35 137 55 1074 1074 1074 1074 1074 1074 1074 1074 1074 1074 1074 1074 1074 1074 1074 1074 1074 1074 1074 1074 1074 1074 1074 1074 1074 1074 1074 1074 1074 1074 1074 1074 1074 1074 1074 1074 1074 1074 43 #
481: #
482: #
483: 363 300 135 135 253 83 958 932 168 586 361 584 175 137 137 262 107 280 581 91 #
484: #
485: #
486: 148 143 172 150 151 177 #
487: #
488: 7 21 #
489: #
490: #
491: #
492: #
493: 486 487 #
494: #
495: #
496: #
497: 7 21 #
498: 390 391 #
499: #
500: 501 496 #
501: #
502: 115 115 115 115 122 122 122 122 #
503: 504 505 #
504: #
505: 30 30 136 136 136 136 683 683 683 683 1439 1439 1439 1439 1072 1072 171 890 47 879 879 879 879 879 879 879 879 879 879 879 879 879 879 879 795 795 795 657 657 657 115 115 846 1440 1440 1440 1440 37 37 1441 1441 1441 1441 55 595 595 595 595 881 881 881 881 881 881 881 881 881 881 881 881 881 881 881 1313 1313 1313 1313 138 138 138 138 891 122 122 1442 1442 1442 1443 1443 1443 #
506: #
507: 438 81 81 173 173 147 148 148 135 137 176 176 442 151 151 89 89 152 #
508: #
509: 282 283 #
510: 270 271 #
511: 15 49 48 190 19 192 57 59 #
512: 15 270 19 271 #
513: 514 515 #
514: 32 15 190 182 607 33 33 33 33 33 33 33 33 33 33 174 174 174 174 174 174 174 174 174 19 192 39 39 39 39 39 39 39 39 39 39 183 45 178 178 178 178 178 178 178 178 178 608 #
515: #
516: #
517: #
518: #
519: 13 204 33 39 222 14 #
520: 155 17 10 159 9 160 165 22 #
521: 269 182 374 183 #
522: #
523: #
524: #
525: 25 25 41 41 #
526: 462 143 143 143 144 147 527 451 141 150 150 150 466 454 455 152 528 153 #
527: 486 167 148 394 151 487 #
528: #
529: 376 379 #
530: #
531: 337 338 #
532: #
533: 120 120 120 227 113 226 117 117 117 172 83 205 217 177 91 123 #
534: #
535: 536 47 48 55 57 537 #
536: 31 42 #
537: #
538: #
539: #
540: 207 13 13 190 361 205 363 217 192 14 14 #
541: 135 204 204 407 33 190 409 192 39 137 222 222 #
542: 159 156 157 155 160 164 165 #
543: #
544: 25 53 54 41 #
545: #
546: #
547: 110 548 549 428 190 47 48 48 303 269 492 83 73 73 67 37 292 550 30 115 118 551 192 374 304 55 552 77 77 57 57 553 91 0 122 #
548: 31 1034 67 1035 42 #
549: 596 597 67 67 491 272 #
550: #
551: #
552: #
553: #
554: 156 7 128 48 190 129 192 57 164 21 #
555: #
556: 337 338 #
557: #
558: #
559: 34 372 372 371 371 560 205 561 562 29 217 563 564 565 #
560: 31 42 #
561: 67 67 492 83 10 932 509 205 508 550 253 17 217 262 581 91 #
562: 16 31 323 136 136 229 83 8 42 232 329 138 138 91 #
563: #
564: #
565: #
566: #
567: 145 145 145 145 147 147 147 172 172 177 177 140 140 140 140 152 152 152 #
568: 274 274 275 275 #
569: 135 80 48 137 57 88 #
570: #
571: #
572: #
573: #
574: #
575: 30 30 37 37 576 15 577 578 19 #
576: 300 72 681 1151 107 1255 433 #
577: #
578: #
579: #
580: 15 161 49 48 190 162 192 19 57 59 #
581: #
582: 583 584 585 585 585 439 439 439 439 439 586 147 147 147 147 147 204 204 204 204 168 168 168 168 168 173 143 587 211 211 144 144 588 588 175 175 175 175 175 441 441 441 441 441 176 219 219 150 589 589 589 590 590 222 222 222 222 152 152 152 152 152 153 153 #
583: #
584: #
585: 446 144 73 6 77 651 23 153 #
586: 114 114 148 281 229 205 205 925 958 113 113 113 113 8 200 253 16 110 428 429 203 1140 1140 49 209 209 117 117 117 83 244 145 245 147 112 112 116 816 202 357 829 213 190 413 340 216 217 217 118 341 192 218 246 119 262 220 151 221 1216 653 553 232 976 976 280 140 224 224 430 1573 120 120 120 523 91 59 247 152 123 123 123 123 367 572 #
587: 184 814 814 814 814 814 814 814 814 814 814 814 814 814 814 814 814 462 462 211 211 211 211 143 143 143 143 388 388 388 388 388 388 388 388 388 388 388 388 147 147 453 464 219 219 219 219 150 150 150 150 466 466 579 465 465 465 465 465 465 465 465 465 465 465 465 456 815 815 815 815 815 815 815 815 815 815 815 815 815 815 815 815 468 152 152 #
588: 167 148 1169 184 394 151 579 698 #
589: #
590: #
591: 592 593 #
592: 31 115 36 40 42 122 #
593: #
594: 7 21 #
595: #
596: 253 686 240 262 #
597: 196 196 195 230 197 197 #
598: 95 #
599: #
600: 16 253 254 559 559 8 958 252 1470 190 283 283 202 202 704 256 113 113 113 117 117 117 117 117 117 117 226 83 83 913 182 959 282 282 964 964 216 216 227 192 963 260 261 656 1497 262 965 183 264 280 120 120 120 120 120 120 120 91 91 123 123 123 #
601: 200 221 #
602: 249 250 #
603: #
604: #
605: #
606: 155 155 155 160 160 160 48 48 48 48 49 607 13 128 159 159 159 57 57 57 57 156 129 164 165 165 165 14 59 608 #
607: 252 260 #
608: #
609: 7 21 #
610: 611 612 613 614 #
611: #
612: 37 30 300 6 107 23 #
613: 8 31 31 258 33 323 415 25 135 136 136 16 329 414 39 137 41 42 42 138 138 265 #
614: #
615: 7 21 #
616: #
617: #
618: 382 269 269 269 269 269 374 374 374 374 374 478 #
619: #
620: 109 109 109 621 621 621 #
621: #
622: 249 250 #
623: 53 15 15 54 19 19 #
624: 115 122 #
625: #
626: #
627: 16 628 258 8 9 629 22 265 #
628: 775 31 773 435 135 37 37 5 6 35 35 30 30 137 42 43 43 431 23 24 #
629: #
630: 127 278 130 #
631: 7 21 #
632: #
633: 16 16 634 634 634 634 31 190 283 200 407 33 253 635 361 8 8 636 636 135 135 135 115 115 115 637 637 637 637 282 409 363 192 39 137 137 137 638 638 262 221 42 639 122 122 122 #
634: #
635: 204 190 33 213 1400 192 39 218 222 1401 #
636: 372 372 653 371 371 73 205 281 217 77 #
637: 300 300 135 115 257 156 259 137 107 107 164 122 #
638: #
639: #
640: 282 282 282 282 282 282 155 159 160 160 283 283 283 283 283 283 48 48 48 641 641 641 57 57 57 522 522 522 165 165 #
641: 70 76 #
642: #
643: 113 123 #
644: #
645: 10 17 #
646: #
647: #
648: #
649: 607 608 #
650: 584 147 586 168 175 152 #
651: #
652: 156 135 135 81 161 161 158 162 162 137 137 163 164 89 #
653: #
654: #
655: 7 21 #
656: #
657: #
658: 659 48 57 660 #
659: 282 80 160 283 88 165 #
660: #
661: 15 15 135 662 137 19 19 663 #
662: 419 419 509 664 161 161 161 158 401 115 115 399 399 81 67 6 6 9 9 508 162 162 162 426 426 163 187 187 402 756 89 22 22 23 23 122 122 #
663: #
664: 249 250 #
665: 613 610 7 611 21 666 #
666: #
667: 668 669 #
668: 35 9 10 228 228 228 228 190 190 190 612 195 49 48 519 31 16 689 690 47 252 8 614 543 17 230 192 192 192 260 231 231 231 231 55 57 691 42 43 22 59 693 #
669: #
670: #
671: 30 363 9 349 253 190 200 213 361 237 237 37 672 673 67 67 67 67 67 67 67 67 67 67 67 67 67 67 67 67 110 549 548 303 73 674 675 676 118 551 192 518 218 304 262 552 77 221 677 22 678 #
672: 67 67 #
673: 401 402 #
674: #
675: #
676: #
677: #
678: #
679: 680 680 253 253 382 382 200 200 190 190 635 681 349 135 7 213 270 36 10 361 363 17 192 192 218 137 40 271 262 262 478 478 221 221 682 682 639 21 677 433 #
680: 300 107 #
681: 376 379 #
682: #
683: #
684: #
685: 67 67 #
686: 755 233 #
687: 228 688 190 519 689 690 47 252 543 192 260 231 55 691 692 693 #
688: 612 228 614 231 #
689: 329 329 8 31 323 323 16 42 #
690: 612 689 875 6 783 614 23 693 #
691: #
692: #
693: #
694: 47 55 #
695: 53 47 48 48 156 156 57 57 128 54 55 129 164 164 #
696: 697 697 697 697 6 6 6 6 83 172 205 117 117 217 177 120 120 23 23 23 23 91 #
697: #
698: #
699: 135 700 137 701 #
700: 653 49 49 49 49 49 49 49 49 49 49 49 49 49 49 49 49 49 49 49 49 205 205 205 205 205 205 205 205 47 47 47 47 47 47 128 128 73 73 80 80 80 281 925 925 217 217 217 217 217 217 217 217 55 55 55 55 55 55 129 129 77 77 88 88 88 523 523 59 59 59 59 59 59 59 59 59 59 59 59 59 59 59 59 59 59 59 59 #
701: #
702: 205 205 158 135 135 135 115 252 190 190 182 174 174 174 174 174 174 174 174 174 174 174 33 33 33 33 33 33 33 33 33 33 33 33 33 204 204 137 137 137 217 217 192 192 39 39 39 39 39 39 39 39 39 39 39 39 39 260 163 222 222 183 122 178 178 178 178 178 178 178 178 178 178 178 #
703: 216 252 253 254 704 256 202 82 87 260 261 656 262 264 #
704: 182 183 #
705: #
706: 596 491 597 272 #
707: #
708: 709 710 80 88 #
709: #
710: 343 70 9 73 529 377 76 378 77 448 22 346 #
711: #
712: #
713: #
714: 53 156 7 128 48 190 54 192 129 57 164 21 #
715: 190 204 33 716 200 192 39 221 222 717 #
716: 212 213 199 218 #
717: #
718: #
719: 720 720 7 158 158 721 721 163 163 21 #
720: #
721: 115 673 678 122 #
722: #
723: 127 130 #
724: #
725: #
726: #
727: #
728: 127 130 #
729: #
730: #
731: 732 733 #
732: #
733: 337 338 #
734: 372 372 372 372 371 371 371 371 #
735: #
736: #
737: 70 9 73 67 182 74 76 77 183 22 78 #
738: 739 739 740 740 741 472 742 #
739: #
740: 471 471 471 470 470 205 205 281 401 83 80 117 217 217 653 402 473 473 88 120 132 132 132 91 #
741: 390 83 83 51 386 386 984 49 128 168 175 391 129 387 387 91 91 59 60 #
742: #
743: #
744: 8 190 745 49 48 16 192 57 308 59 #
745: 37 37 159 135 48 48 30 30 155 137 57 57 #
746: 739 739 747 539 740 740 748 376 204 168 472 175 379 222 749 #
747: #
748: 762 762 762 762 762 762 762 761 761 761 761 761 761 761 #
749: #
750: 7 21 #
751: 42 31 407 33 13 14 409 39 #
752: 7 21 #
753: #
754: #
755: 249 250 #
756: #
757: #
758: #
759: 83 83 91 91 #
760: #
761: #
762: #
763: #
764: 200 199 213 190 765 145 145 244 244 212 210 766 147 192 218 221 223 140 140 247 247 152 767 #
765: 184 1169 486 144 487 579 698 153 #
766: #
767: #
768: 562 136 136 196 13 36 596 31 322 40 272 42 330 138 138 14 565 197 #
769: 128 48 129 57 #
770: #
771: 772 435 7 7 773 135 8 9 258 10 35 774 404 12 13 16 775 17 137 20 43 21 21 431 776 22 14 265 #
772: #
773: 612 435 37 875 6 30 783 614 431 23 #
774: 550 550 249 269 492 492 83 374 250 91 #
775: #
776: #
777: 696 697 697 778 #
778: #
779: 53 15 15 54 19 19 #
780: 781 144 588 173 782 176 590 153 #
781: 143 147 150 152 #
782: #
783: #
784: 785 49 48 736 57 59 #
785: 135 135 135 135 15 15 15 15 15 15 161 161 161 161 161 161 161 161 161 161 161 161 536 536 1227 37 30 162 162 162 162 162 162 162 162 162 162 162 162 137 137 137 137 19 19 19 19 19 19 1026 537 537 #
786: #
787: 955 253 818 254 261 262 820 956 #
788: #
789: #
790: 7 21 #
791: #
792: 7 21 #
793: 363 31 200 407 33 253 635 361 135 15 15 7 7 7 7 115 115 49 48 42 409 39 137 19 19 262 221 57 639 21 21 21 21 59 122 122 #
794: #
795: 249 250 #
796: 15 135 161 49 48 162 137 19 57 59 #
797: 372 282 283 318 371 319 #
798: 7 21 #
799: #
800: #
801: 802 803 #
802: #
803: #
804: 211 211 437 437 527 219 219 443 443 528 #
805: 204 168 203 175 220 222 #
806: 807 190 808 135 135 135 9 47 47 680 349 258 33 33 174 200 213 281 7 192 39 39 218 137 137 137 55 55 221 682 653 21 677 22 265 178 #
807: #
808: 135 135 135 9 160 80 205 205 371 301 301 48 372 217 217 137 137 137 302 302 57 88 165 22 #
809: 301 48 302 57 #
810: 173 173 439 439 439 439 81 81 583 174 168 147 147 147 143 587 760 318 811 158 438 319 175 441 441 441 441 176 176 442 150 163 763 89 89 812 152 152 152 178 #
811: 389 81 89 392 #
812: #
813: 7 21 #
814: 8 958 16 280 #
815: #
816: 5 5 817 817 203 203 213 281 281 818 818 818 200 819 819 218 220 220 221 653 653 820 820 820 24 24 #
817: 48 200 253 5 31 190 407 33 409 192 39 262 221 57 42 24 #
818: #
819: #
820: #
821: 550 303 81 492 135 89 137 304 #
822: 823 824 #
823: 662 662 720 720 720 252 31 200 190 190 190 190 190 407 33 33 33 253 253 635 361 361 47 48 48 48 48 48 48 48 48 643 285 80 1094 1094 721 721 721 83 83 83 203 205 301 281 115 115 73 73 292 9 160 400 400 400 400 74 74 74 74 182 182 57 57 57 57 57 57 57 57 409 363 363 217 192 192 192 192 192 39 39 39 302 260 663 663 55 646 262 262 220 77 77 221 42 653 183 183 639 1345 1345 1095 403 403 403 403 88 165 22 91 91 91 78 78 78 78 0 122 122 #
824: #
825: #
826: 205 48 217 57 #
827: 190 190 13 361 361 252 49 48 253 202 363 363 216 192 192 260 262 57 14 59 #
828: #
829: 249 405 406 250 #
830: 601 168 171 1118 145 145 148 175 151 605 140 140 1119 #
831: 135 135 136 137 137 138 #
832: 15 15 833 834 174 204 33 835 828 39 19 19 222 178 #
833: 115 122 #
834: 115 122 #
835: #
836: 30 30 30 30 30 30 30 30 30 837 837 837 837 37 37 37 37 37 37 37 37 37 838 838 838 838 838 838 838 838 838 204 204 355 444 35 839 839 839 839 839 839 839 839 839 840 840 840 840 840 840 841 841 841 841 841 841 841 841 841 841 841 841 841 841 842 842 842 842 842 843 843 844 844 844 845 846 847 848 848 848 848 849 849 849 849 849 849 849 849 849 849 849 849 849 849 850 850 850 851 851 851 851 851 222 222 43 789 789 789 789 789 789 789 789 789 852 853 #
837: 282 282 282 283 283 283 #
838: #
839: #
840: #
841: 846 #
842: 1525 1525 839 840 840 838 979 979 841 849 789 #
843: #
844: #
845: 841 841 849 849 #
846: #
847: #
848: #
849: #
850: #
851: #
852: #
853: #
854: 7 7 435 435 773 773 135 404 775 775 772 607 137 21 21 431 431 608 #
855: 494 856 48 57 #
856: 80 1152 88 642 #
857: #
858: 607 15 25 49 49 49 205 217 19 41 59 59 59 608 #
859: #
860: 147 147 462 84 861 148 486 86 862 151 487 466 152 152 #
861: 148 143 172 150 151 177 #
862: #
863: #
864: #
865: #
866: 15 135 867 49 48 137 19 57 625 59 #
867: 135 894 894 136 136 137 895 895 138 138 #
868: #
869: #
870: 871 33 483 482 39 495 #
871: 1478 1293 #
872: 127 130 #
873: 389 390 391 392 #
874: 7 21 #
875: 15 37 30 19 #
876: 877 7 7 502 878 879 880 881 21 21 882 617 #
877: 115 115 115 115 122 122 122 122 #
878: 1108 913 33 39 965 #
879: 1038 48 48 48 48 67 67 67 303 148 292 672 913 706 73 73 73 113 226 83 768 6 31 31 435 227 707 518 304 151 77 77 77 57 57 57 57 42 42 965 431 1199 23 91 0 123 1200 #
880: #
881: #
882: #
883: 127 278 130 #
884: 252 253 254 704 256 205 885 217 260 261 656 262 558 264 #
885: 171 #
886: 7 21 #
887: #
888: #
889: 7 7 7 115 300 135 12 81 890 137 20 107 21 21 21 89 891 122 #
890: 249 405 406 250 #
891: #
892: #
893: 372 372 530 530 530 762 277 761 894 204 204 83 83 136 136 136 136 136 432 432 432 80 80 80 80 371 371 470 117 301 301 182 302 302 895 222 222 183 473 138 138 138 138 138 88 88 88 88 120 91 91 279 #
894: #
895: #
896: 897 897 897 897 897 897 897 898 898 898 898 898 898 898 #
897: #
898: 112 112 112 80 205 643 643 643 204 204 640 114 114 114 83 281 16 8 217 646 646 646 222 222 653 88 758 91 #
899: 337 338 #
900: 135 901 902 137 #
901: 292 73 74 913 706 707 77 965 78 0 #
902: #
903: #
904: 7 21 #
905: 7 21 #
906: #
907: 53 908 831 54 909 910 #
908: 831 910 #
909: #
910: #
911: #
912: #
913: 596 272 #
914: 15 15 607 19 19 608 #
915: 30 30 37 37 576 15 916 204 33 39 19 578 222 917 #
916: 1472 1472 1537 1537 1137 1137 335 354 1232 1232 #
917: #
918: 787 490 #
919: 385 204 168 175 920 222 #
920: #
921: #
922: 923 859 #
923: 127 130 #
924: 156 135 135 135 135 135 7 7 7 161 161 161 340 340 562 643 643 83 83 5 5 5 5 6 6 6 925 925 925 202 111 35 35 32 33 33 644 644 281 281 281 301 371 258 229 253 254 204 356 255 84 664 359 249 704 256 357 198 885 362 86 216 372 162 162 162 341 341 926 39 39 137 137 137 137 137 302 261 656 646 646 262 558 263 647 647 222 653 653 653 232 164 43 43 21 21 21 264 756 364 250 523 523 523 23 23 23 91 91 24 24 24 24 121 45 265 565 367 #
925: #
926: #
927: 268 33 267 39 #
928: #
929: 266 371 641 372 522 930 #
930: #
931: 175 175 175 932 204 168 168 168 585 586 584 589 222 581 #
932: 114 216 216 216 216 215 215 215 215 215 215 117 117 201 201 201 201 201 201 944 202 202 202 202 83 113 113 113 112 120 120 27 91 123 123 123 #
933: #
934: 7 21 #
935: #
936: 340 158 643 341 646 163 #
937: 343 346 #
938: #
939: 215 215 215 215 215 362 359 249 201 201 201 201 201 250 #
940: 7 21 #
941: #
942: 376 80 148 205 943 944 217 379 151 945 88 27 #
943: 249 250 #
944: 83 249 250 91 #
945: #
946: 228 947 689 948 231 693 #
947: #
948: #
949: 818 820 #
950: #
951: #
952: #
953: #
954: 955 253 818 361 254 382 15 270 363 19 261 271 262 478 820 956 #
955: 409 190 200 407 33 33 33 204 174 192 39 39 39 221 222 178 #
956: #
957: 559 559 8 958 958 7 7 7 7 7 7 7 7 7 411 878 878 190 190 283 283 283 35 35 913 879 879 254 200 200 361 207 959 113 113 113 117 117 117 117 117 117 117 226 83 83 384 182 944 212 213 135 960 960 199 16 412 202 961 282 282 282 962 962 383 216 363 227 192 192 963 218 137 261 964 964 221 221 965 881 881 183 43 43 21 21 21 21 21 21 21 21 21 617 617 280 280 120 120 120 120 120 120 120 27 91 91 123 123 123 #
958: 636 638 #
959: 16 8 958 280 #
960: 37 37 30 30 #
961: #
962: #
963: #
964: #
965: #
966: 906 245 246 967 #
967: #
968: 205 281 281 1337 921 8 16 217 653 653 #
969: 747 199 748 212 #
970: 560 135 135 15 15 115 115 80 80 159 9 10 35 640 137 137 155 17 19 19 43 563 88 88 758 22 122 122 #
971: 30 37 #
972: #
973: 53 47 48 48 15 15 49 54 19 19 55 57 57 59 #
974: 252 190 192 260 #
975: 958 280 #
976: #
977: 16 8 710 10 709 17 #
978: 30 155 10 159 37 269 160 283 67 282 17 374 165 #
979: 980 980 837 838 838 838 844 844 844 844 844 844 844 840 840 841 841 841 37 37 30 30 712 712 848 849 849 849 850 850 850 850 850 850 850 789 789 789 #
980: #
981: #
982: 363 31 200 190 190 407 33 253 635 361 721 409 720 192 192 39 262 221 42 639 #
983: 135 161 49 48 190 162 192 137 57 59 #
984: #
985: 135 135 136 137 137 138 #
986: 252 190 601 601 601 253 253 254 202 202 216 216 192 260 261 262 262 605 605 605 #
987: #
988: 989 #
989: #
990: #
991: #
992: #
993: #
994: 995 37 996 48 57 30 #
995: #
996: 292 49 73 73 73 128 128 160 129 129 77 77 77 165 0 59 #
997: #
998: #
999: 167 394 #
1000: 143 147 150 152 #
1001: #
1002: #
1003: 135 135 135 340 340 562 562 161 49 48 341 341 162 137 137 137 57 59 565 565 #
1004: #
1005: 748 204 204 33 33 37 483 747 30 482 39 39 222 222 #
1006: 1007 204 81 81 81 81 81 81 81 81 35 84 643 340 340 389 160 86 226 226 85 80 80 227 227 341 341 646 222 43 88 88 165 89 89 89 89 89 89 89 89 90 392 1008 #
1007: 282 269 269 67 67 283 374 374 #
1008: #
1009: 190 817 33 819 192 39 #
1010: 390 391 #
1011: 155 978 159 160 160 135 135 135 135 115 641 371 156 7 372 137 137 137 137 1012 522 164 21 165 165 122 #
1012: #
1013: #
1014: 53 47 48 48 54 156 156 7 128 55 129 57 57 164 164 21 #
1015: 1016 49 48 489 57 59 #
1016: 5 6 195 228 228 159 135 135 689 48 136 155 230 137 137 231 231 57 138 23 24 693 #
1017: 832 754 #
1018: 818 200 253 409 254 190 407 33 192 39 261 262 221 820 #
1019: 182 183 #
1020: 318 318 1021 148 743 319 319 151 #
1021: 462 466 #
1022: 249 250 #
1023: 31 252 200 190 407 33 253 635 361 47 48 48 1024 205 363 42 409 217 192 39 260 55 262 221 57 57 639 619 #
1024: 1094 1345 #
1025: 31 195 228 228 49 230 231 231 42 59 #
1026: #
1027: 990 990 990 990 990 508 508 314 314 204 204 204 84 84 84 389 179 770 67 67 67 509 509 898 897 114 281 281 281 281 281 371 112 86 86 86 113 1028 1029 372 1030 1030 1030 1030 1030 369 1031 222 222 222 653 653 653 653 653 315 315 392 123 #
1028: 340 49 49 49 643 341 646 59 59 59 #
1029: #
1030: #
1031: #
1032: 113 83 9 7 135 115 116 117 137 119 21 120 22 91 122 123 #
1033: 1034 15 1035 19 #
1034: 30 37 31 254 190 407 33 33 174 48 117 253 361 818 200 363 120 409 192 39 39 261 262 221 57 42 820 178 #
1035: #
1036: 7 21 #
1037: 955 253 361 382 270 363 271 262 478 956 #
1038: 70 672 76 518 #
1039: 252 161 253 356 254 202 111 84 358 359 249 704 256 1040 198 885 362 86 216 162 926 260 261 656 262 558 264 1041 364 365 250 121 #
1040: 83 80 117 88 120 91 #
1041: #
1042: 7 21 #
1043: 30 37 #
1044: #
1045: #
1046: 615 1047 #
1047: #
1048: 877 7 7 7 502 878 207 207 13 13 35 35 35 35 33 361 361 913 363 363 880 39 965 43 43 43 43 21 21 21 882 617 14 14 #
1049: #
1050: #
1051: 240 363 361 253 686 135 137 262 #
1052: 7 21 #
1053: 30 30 30 37 37 37 135 135 81 137 137 89 #
1054: 83 9 10 17 22 91 #
1055: #
1056: 1057 451 843 843 1058 455 #
1057: 739 740 83 83 160 160 470 470 117 182 183 473 473 165 165 120 91 91 #
1058: #
1059: 53 15 49 48 54 19 57 59 #
1060: #
1061: #
1062: 343 128 129 346 #
1063: 148 148 148 25 211 143 143 143 527 1064 145 145 147 41 219 150 150 150 151 151 151 140 140 557 152 528 #
1064: 143 150 #
1065: 747 1066 748 1067 #
1066: 747 747 739 199 762 740 761 1231 748 748 212 799 #
1067: #
1068: 449 702 #
1069: #
1070: 254 254 182 269 505 879 504 374 261 261 881 183 #
1071: #
1072: #
1073: #
1074: #
1075: 127 130 #
1076: 15 15 135 560 9 10 35 51 137 17 19 19 43 563 22 60 #
1077: 7 21 #
1078: 53 47 48 48 15 15 49 54 19 19 55 57 57 59 #
1079: #
1080: 7 21 #
1081: 13 13 35 35 33 361 361 363 363 39 43 43 14 14 #
1082: 7 21 #
1083: 53 985 54 1084 #
1084: #
1085: 25 41 #
1086: 154 1087 #
1087: #
1088: 115 122 #
1089: 627 627 182 607 183 1090 1090 608 #
1090: #
1091: 136 136 67 68 138 138 #
1092: 363 253 161 202 202 204 33 823 361 162 216 216 39 824 262 222 #
1093: 636 638 #
1094: 662 662 662 662 653 653 653 653 720 720 720 720 720 372 372 372 372 372 372 81 81 81 158 285 285 817 817 203 203 47 47 48 48 135 135 135 161 161 82 82 82 115 115 115 115 721 721 721 721 721 80 80 80 80 371 371 371 371 371 371 281 281 281 281 819 819 162 162 87 87 87 137 137 137 663 663 663 663 55 55 220 220 163 57 57 1095 1095 88 88 88 88 89 89 89 122 122 122 122 #
1095: #
1096: #
1097: #
1098: #
1099: 50 56 #
1100: 747 739 739 740 740 539 748 472 472 472 204 168 175 222 749 #
1101: 319 368 211 143 318 462 1102 269 464 145 172 440 37 30 374 219 150 177 466 351 140 468 #
1102: 81 81 145 184 184 184 244 579 579 579 89 89 140 247 #
1103: 1104 1104 7 292 47 47 159 57 57 48 48 15 190 54 53 160 607 155 192 19 55 55 21 242 242 165 0 608 #
1104: #
1105: 53 985 54 1084 #
1106: 270 271 #
1107: #
1108: 67 67 #
1109: 53 15 49 48 48 50 51 47 159 155 54 19 55 56 57 57 59 60 #
1110: #
1111: #
1112: 8 200 483 213 205 382 115 35 270 7 755 16 233 482 217 218 271 478 221 43 21 122 #
1113: #
1114: #
1115: 439 144 67 441 153 #
1116: #
1117: 200 253 361 409 382 407 33 190 635 270 363 192 39 271 262 478 221 639 #
1118: 759 33 190 1349 192 39 #
1119: #
1120: 36 40 #
1121: 25 41 #
1122: 300 37 53 292 49 73 73 73 128 128 9 54 30 129 129 77 77 77 107 22 0 59 #
1123: 49 48 190 59 192 57 #
1124: 135 9 160 80 137 88 165 22 #
1125: #
1126: #
1127: 135 81 137 89 #
1128: #
1129: 127 278 130 #
1130: #
1131: #
1132: 127 128 48 57 129 130 #
1133: 318 1134 319 1135 #
1134: 306 307 #
1135: #
1136: 53 908 831 54 909 910 #
1137: 1138 1138 1139 1139 1111 1111 499 499 #
1138: #
1139: 1224 335 1225 354 #
1140: 892 892 892 281 281 953 953 953 8 8 958 205 16 16 217 653 653 280 #
1141: 35 43 #
1142: 1024 619 #
1143: 47 159 74 155 55 78 #
1144: #
1145: 53 156 831 54 164 910 #
1146: 13 13 190 361 363 192 14 14 #
1147: 7 21 #
1148: #
1149: #
1150: 190 192 #
1151: 30 561 37 562 562 562 562 340 681 681 115 229 229 341 232 232 433 433 564 122 565 565 565 565 #
1152: 16 282 282 155 371 371 372 372 159 281 281 301 301 15 15 15 15 50 156 7 67 51 8 925 892 160 160 283 283 19 19 19 19 302 302 56 953 653 653 164 21 165 165 523 60 #
1153: 30 30 115 190 37 37 135 135 135 205 217 192 137 137 137 122 #
1154: 83 91 #
1155: #
1156: 726 1063 #
1157: #
1158: #
1159: #
1160: 934 524 #
1161: 7 21 #
1162: 877 7 7 502 878 879 880 881 21 21 882 617 #
1163: #
1164: 583 439 147 147 147 587 143 143 173 441 176 150 150 152 152 152 #
1165: #
1166: #
1167: 127 278 130 #
1168: 155 53 47 48 48 135 135 80 80 300 205 159 371 54 372 217 137 137 55 57 57 107 88 88 #
1169: 486 487 #
1170: 53 15 15 54 19 19 #
1171: #
1172: 7 21 #
1173: 37 47 48 1122 30 239 55 57 #
1174: 190 192 #
1175: #
1176: #
1177: 30 30 171 37 37 15 361 879 363 19 881 #
1178: #
1179: 53 908 831 54 909 910 #
1180: 53 47 48 48 156 156 128 129 54 55 57 57 164 164 #
1181: 7 21 #
1182: 135 73 51 137 77 60 #
1183: #
1184: 627 1090 #
1185: 190 8 958 7 7 871 33 703 16 192 39 495 684 21 21 280 #
1186: 739 740 #
1187: 7 21 #
1188: #
1189: #
1190: 7 21 #
1191: 135 80 137 88 #
1192: #
1193: #
1194: 205 205 205 81 81 81 81 81 81 81 49 49 83 83 9 9 80 80 350 643 643 643 913 204 204 112 340 645 229 114 26 217 217 217 341 646 646 646 965 648 222 222 232 88 88 89 89 89 89 89 89 89 22 22 91 91 59 59 #
1195: 409 200 31 407 33 635 116 83 47 117 5 49 48 253 361 363 39 55 119 262 221 57 42 639 120 91 24 59 #
1196: 7 21 #
1197: 9 160 15 190 192 19 165 22 #
1198: 190 81 49 49 706 48 707 192 57 89 59 59 #
1199: #
1200: #
1201: #
1202: 135 135 204 301 35 137 137 302 222 43 #
1203: 109 109 621 621 #
1204: 83 9 269 283 282 374 22 91 #
1205: 953 953 494 1292 856 281 281 892 892 573 653 653 #
1206: #
1207: #
1208: 356 204 222 364 #
1209: 84 84 67 925 30 276 83 281 281 281 399 35 35 111 204 892 86 86 990 37 1030 953 187 348 222 653 653 653 43 43 523 91 121 #
1210: 37 30 #
1211: #
1212: 990 400 37 37 644 1027 30 30 1213 1030 647 403 #
1213: #
1214: #
1215: #
1216: #
1217: #
1218: #
1219: 53 47 48 48 15 15 7 49 54 19 19 55 57 57 21 59 #
1220: 156 156 128 48 48 47 53 54 55 129 57 57 164 164 #
1221: 155 47 808 159 48 607 807 55 57 608 #
1222: #
1223: 156 908 53 909 54 164 #
1224: #
1225: #
1226: 135 1227 35 35 137 1026 43 43 #
1227: #
1228: #
1229: 49 48 57 59 #
1230: #
1231: #
1232: #
1233: 155 30 135 37 35 35 35 1227 115 204 1234 1234 1234 1234 159 389 205 122 217 137 1026 222 43 43 43 392 #
1234: #
1235: 122 115 6 135 25 137 41 23 #
1236: 306 306 307 307 #
1237: #
1238: 35 878 878 361 363 43 617 617 #
1239: 958 958 280 280 #
1240: 668 669 #
1241: #
1242: 35 43 #
1243: 588 211 462 147 219 590 466 152 #
1244: 7 21 #
1245: #
1246: 143 143 143 143 143 143 143 143 462 462 462 462 462 148 148 148 148 527 527 527 527 1010 147 1156 437 437 211 211 145 145 486 49 219 219 150 150 150 150 150 150 150 150 151 151 151 151 487 466 466 466 466 466 1247 443 443 3 140 140 59 152 528 528 528 528 #
1247: #
1248: 761 762 #
1249: 542 1250 #
1250: #
1251: #
1252: #
1253: 53 47 48 48 908 831 49 54 909 55 57 57 910 59 #
1254: 1106 555 #
1255: #
1256: #
1257: #
1258: #
1259: 37 47 995 30 996 48 49 55 57 59 #
1260: #
1261: 190 1062 1062 1062 1062 33 33 33 33 607 1262 1262 1262 1262 192 39 39 39 39 608 #
1262: #
1263: 411 411 878 878 7 7 7 25 340 768 818 818 33 13 13 13 13 35 35 913 361 207 412 412 363 341 39 41 965 43 43 21 21 21 820 820 617 617 14 14 14 14 1200 #
1264: 7 21 #
1265: 160 400 403 165 #
1266: #
1267: 143 147 150 152 #
1268: 438 546 1246 147 147 147 486 486 145 145 145 439 439 585 1115 143 1063 25 148 148 726 527 441 441 41 442 150 589 151 151 487 487 753 140 140 140 152 152 152 528 #
1269: 173 148 148 148 306 143 143 437 437 462 462 588 182 439 211 184 1169 486 1268 585 441 176 219 150 150 589 151 151 151 487 1282 590 466 466 183 443 443 579 307 698 #
1270: 1156 1156 1064 25 148 148 148 148 211 143 147 145 145 145 41 219 150 151 151 151 151 1247 1247 140 140 140 557 152 #
1271: 873 462 211 219 466 1001 #
1272: 301 33 389 390 391 39 302 392 #
1273: 486 439 1063 438 147 147 147 147 145 765 25 726 1246 441 41 442 487 753 140 152 152 152 152 767 #
1274: 306 147 147 307 152 152 #
1275: 462 147 588 211 219 590 466 152 #
1276: 447 447 447 447 447 447 447 447 447 447 447 447 447 447 447 447 447 447 447 447 447 447 447 447 447 447 447 447 447 447 447 447 447 447 447 447 447 447 447 447 447 447 447 447 447 447 447 447 447 447 447 447 447 447 447 447 447 447 447 447 447 447 447 447 447 447 447 447 447 447 447 447 447 447 447 447 447 447 447 447 447 447 447 447 447 282 282 739 739 739 739 739 739 739 739 739 739 739 739 739 739 739 739 739 739 739 739 739 739 739 739 739 739 739 739 739 739 739 739 739 739 739 739 739 739 739 739 739 739 739 739 739 739 739 739 739 739 739 739 739 739 739 739 739 739 739 739 739 739 739 739 739 739 739 739 739 739 739 739 739 739 739 739 739 739 739 739 739 739 739 739 739 739 739 739 739 739 739 739 739 739 739 739 739 739 739 739 739 739 739 739 553 553 747 747 747 747 747 997 997 997 919 919 919 919 919 919 919 919 919 919 919 919 919 1056 1056 1056 1057 1057 1057 1057 1057 1057 1057 1057 432 432 432 432 432 432 432 1114 1114 1114 1114 1114 1114 1114 1100 1100 1100 1100 1100 1100 1100 1100 1100 1100 1100 1100 1100 1100 1100 376 390 390 390 390 390 390 390 390 390 390 390 740 740 740 740 740 740 740 740 740 740 740 740 740 740 740 740 740 740 740 740 740 740 740 740 740 740 740 740 740 740 740 740 740 740 740 740 740 740 740 740 740 740 740 740 740 740 740 740 740 740 740 740 740 740 740 740 740 740 740 740 740 740 740 740 740 740 740 740 740 740 740 740 740 740 740 740 740 740 740 740 740 740 740 740 740 740 740 740 740 740 740 740 740 740 740 740 740 740 740 740 740 740 740 740 1186 1186 1186 1186 1186 1186 1186 1186 1186 1186 1186 1186 1186 1186 1186 1186 1186 1186 1186 1186 1186 1186 1186 1186 1186 1186 1186 1186 1186 1186 1186 1186 1186 1186 1186 1186 1186 1186 1186 1186 1186 1186 1186 1186 1186 1186 1186 1186 1186 1186 1186 1186 1186 1186 1186 1186 1186 1186 1186 1186 1186 1186 1186 1186 1186 1186 1186 1186 1186 1186 1186 1186 1186 1186 1186 1186 1186 1186 1186 1186 1186 1186 1186 1186 1186 1519 1502 1502 155 199 372 372 372 372 887 887 887 887 887 887 887 887 887 887 887 887 887 530 530 530 530 530 530 530 819 969 969 969 159 472 472 472 472 472 472 472 472 472 472 472 472 472 472 472 472 472 385 385 168 168 168 168 168 168 168 168 168 168 168 204 204 204 204 204 539 539 539 539 539 539 539 539 539 539 205 205 205 205 205 205 205 205 205 205 371 371 371 371 486 486 533 777 389 389 389 182 182 664 664 506 506 506 506 506 506 506 506 506 506 506 506 506 506 506 506 506 506 506 1520 805 805 1436 1436 1436 1065 1065 1065 386 1314 469 1335 281 281 281 281 281 281 281 281 817 301 892 892 892 83 83 83 117 117 117 470 470 401 401 644 644 644 644 644 644 644 644 644 644 471 471 471 471 471 471 471 283 283 1027 1027 111 1231 1231 1231 1231 1231 1231 1066 1066 1066 1066 1066 1066 893 1319 1521 1521 1521 1365 1365 1365 1365 1365 1365 1365 1365 1365 174 212 748 748 748 748 748 136 741 84 562 562 562 562 340 340 746 746 428 428 148 173 1000 1154 1154 498 498 529 738 738 738 1522 1522 1213 1213 86 1523 341 341 799 799 799 799 799 799 217 217 217 217 217 217 217 217 217 217 175 175 175 175 175 175 175 175 175 175 175 391 391 391 391 391 391 391 391 391 391 391 1155 1155 1158 920 920 302 176 379 151 1251 1251 487 487 953 953 953 647 647 647 647 647 647 647 647 647 647 222 222 222 222 222 742 653 653 653 653 653 653 653 653 1311 1311 1311 1311 1311 1311 1311 1311 1311 183 183 1058 1058 1058 1058 1058 1058 1058 1058 402 402 756 756 448 473 473 800 800 138 534 534 534 1524 1464 1490 1490 1490 1228 1228 387 1131 120 120 120 132 132 132 132 132 132 132 1096 1096 1096 1096 1096 1096 1096 1096 1096 1096 1096 1096 1096 1096 1096 1474 1474 1474 91 91 91 392 392 392 121 1067 1067 1067 1067 1067 1067 991 1252 1252 1252 992 992 992 1079 911 749 749 749 749 749 749 749 749 749 749 565 565 565 565 178 1050 #
1277: #
1278: #
1279: #
1280: #
1281: #
1282: #
1283: #
1284: #
1285: #
1286: #
1287: #
1288: 49 5 24 59 #
1289: 53 156 156 54 164 164 #
1290: 7 21 #
1291: 1088 49 48 59 1044 57 #
1292: 269 269 374 374 #
1293: #
1294: 1389 1126 #
1295: #
1296: #
1297: 155 47 159 74 55 78 #
1298: 47 48 48 156 156 49 53 54 55 57 57 164 164 59 #
1299: 32 84 84 84 33 33 81 81 81 641 7 7 8 958 871 703 82 35 361 115 115 115 207 16 363 86 86 86 39 39 87 495 684 522 43 21 21 280 89 89 89 45 122 122 122 #
1300: 156 49 49 48 48 48 984 128 129 57 57 57 164 59 59 #
1301: 30 37 #
1302: 249 340 340 48 341 341 57 250 #
1303: #
1304: 37 30 #
1305: 30 30 252 282 282 282 282 282 282 282 282 282 282 372 135 135 37 37 115 7 7 7 83 83 83 83 83 83 83 83 83 83 83 83 83 83 83 83 83 83 80 80 190 190 190 190 190 190 190 190 190 190 190 190 190 190 190 190 190 190 33 33 33 33 33 33 33 33 33 33 33 33 33 33 33 33 33 33 182 182 182 182 182 182 182 182 182 182 182 182 49 49 49 49 49 49 283 283 283 283 283 283 283 283 283 283 51 51 51 51 205 128 128 128 371 217 192 192 192 192 192 192 192 192 192 192 192 192 192 192 192 192 192 192 39 39 39 39 39 39 39 39 39 39 39 39 39 39 39 39 39 39 137 137 260 129 129 129 183 183 183 183 183 183 183 183 183 183 183 183 21 21 21 88 88 91 91 91 91 91 91 91 91 91 91 91 91 91 91 91 91 91 91 59 59 59 59 59 59 60 60 60 60 122 #
1306: 318 319 #
1307: #
1308: 30 318 184 37 579 319 #
1309: 856 48 74 135 494 137 57 78 #
1310: 190 192 871 33 39 495 #
1311: #
1312: 7 21 #
1313: #
1314: 83 390 390 314 313 182 386 168 175 391 391 183 315 316 387 91 #
1315: 127 130 #
1316: 25 41 #
1317: #
1318: 53 156 128 48 190 129 54 192 57 164 #
1319: 277 1114 1057 777 486 147 147 147 147 147 147 173 173 1158 176 176 487 1058 279 152 152 152 152 152 152 #
1320: #
1321: 127 278 130 #
1322: 184 148 148 269 144 143 147 579 438 374 442 150 151 151 152 153 #
1323: 562 565 #
1324: 30 1122 48 37 239 57 #
1325: 30 409 38 37 135 681 407 33 39 137 44 433 #
1326: 228 228 689 195 135 159 80 80 48 6 5 155 230 137 231 231 57 88 88 23 24 693 #
1327: 31 31 10 15 459 17 19 42 42 166 #
1328: #
1329: 135 269 269 182 10 35 7 17 374 374 137 183 43 21 #
1330: #
1331: 516 517 #
1332: 47 159 74 155 55 78 #
1333: 156 156 128 48 48 47 54 53 55 129 57 57 164 164 #
1334: 83 47 249 55 250 91 #
1335: #
1336: 204 1337 35 25 135 37 921 30 200 137 41 221 222 43 #
1337: 254 190 205 571 818 818 253 602 1039 171 217 192 604 261 262 820 820 #
1338: 818 15 15 15 7 253 254 201 249 704 256 202 6 215 216 19 19 19 261 656 262 21 264 820 250 23 #
1339: #
1340: 7 21 #
1341: 7 21 #
1342: 25 41 #
1343: 7 21 #
1344: #
1345: #
1346: 775 47 35 35 5 773 435 55 43 43 431 24 #
1347: #
1348: 30 37 135 576 578 137 #
1349: #
1350: #
1351: 190 890 192 891 #
1352: 924 735 #
1353: 127 130 #
1354: 325 331 #
1355: 561 7 7 7 300 115 135 81 774 16 8 137 107 21 21 21 776 89 564 122 #
1356: 33 83 47 115 1357 190 226 227 192 39 1358 55 91 122 #
1357: 322 536 258 33 323 135 269 320 327 324 325 136 136 35 326 329 321 39 374 137 328 43 330 138 138 537 265 331 #
1358: #
1359: 269 182 374 183 #
1360: 7 21 #
1361: 300 72 80 48 57 107 88 #
1362: 81 643 646 89 #
1363: 30 30 37 37 576 15 135 1137 137 19 578 1232 #
1364: 67 67 67 #
1365: 389 498 800 392 #
1366: 757 1326 48 57 #
1367: 13 913 384 83 83 83 83 83 47 47 47 47 47 47 47 47 47 47 47 117 48 48 48 48 48 48 48 48 48 48 35 35 35 35 35 706 706 1357 1357 1357 1357 115 115 115 115 7 7 7 292 292 292 292 252 49 383 1358 1358 1358 1358 707 707 260 55 55 55 55 55 55 55 55 55 55 55 57 57 57 57 57 57 57 57 57 57 965 43 43 43 43 43 21 21 21 120 91 91 91 91 91 0 0 0 0 14 59 122 122 122 122 #
1368: 957 1369 #
1369: #
1370: 1016 49 48 489 57 59 #
1371: 30 318 37 184 319 579 #
1372: 148 176 81 173 147 318 319 151 89 152 #
1373: 7 21 #
1374: #
1375: 1376 1377 #
1376: 190 205 205 7 115 115 135 135 135 217 217 192 137 137 137 21 122 122 #
1377: #
1378: 127 49 48 57 130 59 #
1379: #
1380: 190 1301 192 1188 #
1381: 411 15 190 574 574 574 574 607 607 205 204 204 204 204 33 33 33 33 33 33 33 33 33 174 174 174 174 83 958 81 643 384 283 282 383 412 217 192 39 39 39 39 39 39 39 39 39 19 646 222 222 222 222 280 89 1189 1189 1189 1189 91 178 178 178 178 608 608 #
1382: 257 888 984 295 259 1383 #
1383: #
1384: 127 130 #
1385: #
1386: 53 47 48 48 15 15 7 49 54 19 19 55 57 57 21 59 #
1387: 257 888 295 259 1383 #
1388: #
1389: #
1390: 423 423 135 135 419 161 13 424 49 48 162 425 137 137 426 57 427 427 14 59 #
1391: 204 135 35 35 137 222 43 43 #
1392: 7 7 21 21 #
1393: 709 47 48 710 49 55 57 59 #
1394: 7 21 #
1395: 823 824 #
1396: 59 25 361 361 252 49 48 190 253 202 363 363 216 192 260 41 262 57 #
1397: 7 21 #
1398: 143 143 143 147 147 318 1021 81 173 148 743 319 176 150 150 150 151 89 152 152 #
1399: #
1400: 81 376 407 33 349 409 39 379 89 677 #
1401: #
1402: #
1403: 1326 48 757 57 #
1404: 7 21 #
1405: 53 47 48 48 48 48 15 15 49 50 50 51 52 54 19 19 55 56 56 57 57 57 57 58 59 60 #
1406: 53 47 48 48 156 156 128 57 57 54 55 129 164 164 #
1407: 50 7 7 7 7 190 192 56 21 21 21 21 #
1408: 9 10 35 31 49 48 17 57 42 43 22 59 #
1409: 785 49 48 736 57 59 #
1410: #
1411: #
1412: 1022 190 190 5 5 6 283 49 607 8 282 16 1193 192 192 23 24 24 59 608 #
1413: 785 49 48 736 57 59 #
1414: 318 184 440 319 579 351 #
1415: 13 205 681 349 349 968 7 253 200 200 190 15 174 174 174 33 33 33 213 213 680 680 36 10 361 363 17 217 192 39 39 39 218 218 40 19 262 221 221 682 682 21 677 677 433 825 14 178 178 178 #
1416: 300 107 #
1417: 190 7 135 47 35 35 35 35 35 258 49 49 996 174 5 6 83 9 10 995 17 192 137 55 43 43 43 43 43 21 22 23 91 24 59 59 265 178 #
1418: 7 21 #
1419: #
1420: 53 156 156 54 164 164 #
1421: 7 21 #
1422: 127 130 #
1423: 53 47 48 48 48 15 15 54 49 50 51 19 19 55 56 57 57 57 59 60 #
1424: #
1425: 643 643 408 249 48 646 646 57 410 250 #
1426: 15 15 189 49 48 57 191 19 19 59 #
1427: 207 13 13 190 35 35 35 83 208 25 340 768 7 361 205 363 217 341 192 41 43 43 43 21 91 14 14 1200 #
1428: 53 15 15 54 19 19 #
1429: #
1430: 190 411 412 192 #
1431: 787 490 #
1432: 135 137 #
1433: 53 47 48 48 48 48 15 15 49 50 50 51 52 54 19 19 55 56 56 57 57 57 57 58 59 60 #
1434: 709 710 128 129 #
1435: 7 7 135 49 49 48 48 59 59 662 137 663 57 57 21 21 #
1436: 204 168 472 175 222 #
1437: #
1438: 7 21 #
1439: #
1440: 1072 1072 #
1441: #
1442: #
1443: #
1444: 135 179 1031 137 #
1445: 135 135 135 135 135 135 135 372 372 372 372 372 372 372 372 372 372 372 372 372 372 372 372 372 372 372 372 372 372 372 372 30 30 30 30 30 80 37 37 37 37 37 115 115 7 7 371 371 371 371 371 371 371 371 371 371 371 371 371 371 371 371 371 371 371 371 371 371 371 371 160 160 160 15 15 15 15 15 15 156 156 156 50 50 50 50 295 1391 269 1446 67 35 159 734 48 155 238 950 374 395 137 137 137 137 137 137 137 19 19 19 19 19 19 56 56 56 56 57 164 164 164 43 21 21 88 165 165 165 122 122 #
1446: 135 137 #
1447: #
1448: 935 935 935 935 935 935 935 935 935 935 935 282 282 282 282 282 282 282 282 30 30 30 242 242 846 846 846 846 846 846 846 846 846 846 846 846 846 846 846 846 846 846 846 846 846 846 846 846 846 846 846 846 846 846 846 846 846 846 846 846 846 846 846 846 846 846 846 846 846 846 846 846 846 846 846 846 846 846 846 846 846 846 846 846 846 846 846 846 846 846 846 846 846 846 846 846 846 846 846 283 283 283 283 283 283 283 283 694 694 694 694 694 694 694 694 694 694 694 371 37 37 37 135 135 204 204 160 160 1104 1104 301 301 47 47 35 35 837 372 137 137 848 302 302 55 55 222 222 43 43 165 165 #
1449: 615 1047 #
1450: #
1451: 7 21 #
1452: 53 15 15 54 19 19 #
1453: #
1454: 229 384 37 37 30 30 114 1359 1359 83 9 9 269 269 269 269 67 112 10 81 529 303 142 383 912 912 17 374 374 374 374 304 232 448 89 22 22 91 #
1455: 281 48 57 653 #
1456: 135 313 51 48 190 137 192 57 316 60 #
1457: 135 135 15 626 49 48 1073 137 137 19 57 59 #
1458: 7 7 7 300 115 607 607 135 81 340 1302 668 612 925 49 48 614 341 137 669 1148 57 107 21 21 21 89 523 59 122 608 608 #
1459: 1153 434 #
1460: 37 37 81 35 30 30 6 135 137 43 89 23 #
1461: 36 40 #
1462: 15 15 49 48 48 48 50 51 54 53 47 19 19 55 56 57 57 57 59 60 #
1463: 249 250 #
1464: #
1465: 1193 190 1022 12 192 20 #
1466: #
1467: 7 21 #
1468: 31 407 33 635 83 47 112 5 49 48 114 409 200 361 253 363 39 55 262 221 57 42 639 91 24 59 #
1469: 15 15 15 384 6 6 7 11 383 607 18 19 19 19 21 23 23 608 #
1470: 944 407 958 73 1471 409 77 280 532 27 #
1471: 249 250 #
1472: #
1473: 7 21 #
1474: #
1475: 409 15 135 252 7 7 643 643 384 913 31 200 190 190 190 190 190 190 190 190 190 190 407 33 33 33 33 33 33 33 33 254 83 83 83 83 83 83 83 83 80 80 80 80 80 80 80 867 867 879 48 48 283 253 635 361 6 49 383 282 363 192 192 192 192 192 192 192 192 192 192 39 39 39 39 39 39 39 39 137 260 19 261 646 646 262 221 57 57 42 965 881 639 21 21 625 625 88 88 88 88 88 88 88 23 91 91 91 91 91 91 91 91 59 #
1476: 37 30 #
1477: #
1478: 83 83 83 37 35 202 202 202 202 9 6 6 117 117 117 117 383 113 113 113 113 113 253 80 361 226 1034 384 696 216 216 216 216 363 30 227 778 1035 262 43 88 120 120 120 120 22 23 23 91 91 91 123 123 123 123 123 #
1479: 318 319 #
1480: 155 47 159 74 55 78 #
1481: 337 338 #
1482: 16 30 30 37 37 681 562 8 47 156 156 135 135 137 137 55 164 164 433 565 #
1483: 109 109 109 109 109 621 621 621 621 621 #
1484: 35 43 #
1485: 282 282 282 282 282 282 282 155 155 1071 1071 190 37 135 135 135 7 7 7 254 254 867 867 136 136 35 35 35 879 879 879 879 159 159 283 283 283 283 283 283 283 641 641 641 174 174 33 33 48 48 74 74 83 80 256 521 371 371 371 73 67 30 1069 1069 372 372 372 192 39 39 137 137 137 261 261 77 57 57 1450 522 522 522 881 881 881 881 43 43 43 21 21 21 264 625 625 138 138 88 91 78 78 178 178 #
1486: 508 16 16 607 190 190 190 190 135 7 31 31 31 31 254 1071 1071 867 867 136 136 35 35 8 8 182 182 80 80 879 879 879 879 10 67 67 509 1069 1069 17 192 192 192 192 137 261 42 42 42 42 881 881 881 881 183 183 43 43 21 625 625 138 138 88 88 608 #
1487: 995 995 190 190 190 607 257 156 156 37 15 15 15 182 174 33 33 13 13 135 159 258 996 996 25 49 281 30 155 259 192 192 192 39 39 137 19 19 19 41 653 164 164 183 14 14 59 265 178 608 #
1488: #
1489: 171 342 #
1490: #
1491: 6 190 13 192 23 14 #
1492: #
1493: 48 1152 57 642 #
1494: 134 139 #
1495: 63 64 #
1496: 7 21 #
1497: #
1498: 30 30 37 37 15 67 19 #
1499: 363 31 190 283 200 407 33 253 635 361 83 636 636 135 135 135 115 115 115 1309 637 35 35 634 42 409 282 192 39 137 137 137 638 638 262 221 639 43 43 1500 91 122 122 122 #
1500: #
1501: 363 818 818 33 13 13 13 190 35 35 913 361 207 192 39 965 43 43 820 820 14 14 14 #
1502: #
1503: #
1504: #
1505: 520 318 319 1429 #
1506: 135 1227 47 47 347 205 55 55 217 137 1026 #
1507: 25 41 #
1508: 190 192 #
1509: 53 156 7 128 48 190 54 192 129 57 164 21 #
1510: 117 117 22 172 83 9 80 177 88 120 120 91 #
1511: 53 15 15 54 19 19 #
1512: 127 128 48 57 129 130 #
1513: 135 640 758 137 #
1514: #
1515: 277 277 135 135 179 137 137 1031 279 279 #
1516: 49 48 57 59 #
1517: 156 164 #
1518: #
1519: 372 372 1057 1057 451 843 843 204 281 371 371 301 302 222 653 1058 1058 455 #
1520: 215 215 215 215 215 215 215 216 216 253 201 201 201 201 201 201 201 202 202 357 360 360 360 360 360 360 203 664 664 262 220 756 756 366 366 366 366 366 366 367 #
1521: 762 761 #
1522: 1057 1057 861 862 1058 1058 #
1523: #
1524: #
1525: #
1526: 372 372 1527 7 536 301 371 371 73 67 35 174 33 48 74 879 1108 521 39 302 77 57 1450 881 43 21 987 537 78 178 #
1527: 67 #
1528: 25 41 #
1529: 737 48 57 727 #
1530: 51 48 57 60 #
1531: 785 49 48 736 57 59 #
1532: 7 21 #
1533: 80 48 57 88 #
1534: 793 190 459 174 33 192 39 166 729 178 #
1535: 30 30 30 30 30 30 838 838 838 838 838 838 838 838 838 838 838 838 838 838 838 838 838 838 840 840 840 840 840 840 840 840 840 840 840 840 840 840 840 840 840 840 840 840 840 1536 836 837 980 980 980 37 37 37 37 37 37 839 1447 1447 1447 1447 1060 1060 1060 1060 313 313 314 314 712 712 712 993 848 315 315 316 316 1113 789 789 789 789 789 789 789 789 789 789 789 789 789 789 789 789 789 789 1344 1344 1344 1344 #
1536: 30 30 115 840 1447 313 314 37 37 838 838 315 316 789 789 122 #
1537: #
1538: 282 282 67 67 67 67 67 67 67 135 135 135 135 135 135 135 84 84 84 84 84 84 84 15 15 15 15 15 15 15 15 15 15 15 15 15 15 15 15 15 15 15 15 15 47 202 81 81 37 37 37 37 35 35 258 159 159 283 283 179 155 155 30 30 30 30 86 86 86 86 86 86 86 216 137 137 137 137 137 137 137 19 19 19 19 19 19 19 19 19 19 19 19 19 19 19 19 19 19 19 19 19 55 1031 43 43 89 89 265 #
1539: 818 879 881 820 #
1540: 7 21 #
1541: 53 908 831 54 909 910 #
1542: 67 67 67 67 67 67 67 #
1543: 53 47 48 48 15 15 49 54 19 19 55 57 57 59 #
1544: 7 21 #
1545: 31 31 300 42 42 107 #
1546: 53 156 128 48 190 129 54 192 57 164 #
1547: 30 16 37 135 269 577 8 1393 374 137 705 #
1548: 607 253 360 483 8 958 7 7 7 7 7 202 202 202 202 135 254 602 382 81 81 256 869 869 270 190 361 216 216 216 216 16 482 363 291 291 192 137 604 261 271 262 478 21 21 21 21 21 264 280 89 89 366 608 #
1549: 808 807 #
1550: #
1551: 53 156 156 54 164 164 #
1552: 709 710 49 59 #
1553: 143 437 150 443 #
1554: 47 628 48 629 55 57 #
1555: 190 190 190 562 958 48 407 33 158 82 57 409 192 192 192 39 87 163 280 565 #
1556: 720 720 158 158 721 721 47 47 55 55 163 163 #
1557: 7 7 7 300 115 607 607 135 81 643 1425 5 5 190 6 283 49 48 282 192 137 646 57 107 21 21 21 89 23 24 24 59 122 1477 608 608 #
1558: 1309 536 48 57 1500 537 #
1559: 7 21 #
1560: 808 135 135 135 9 281 115 807 137 137 137 653 22 122 #
1561: 53 156 156 54 164 164 #
1562: 15 19 #
1563: 31 407 33 33 33 33 33 635 15 15 7 384 384 408 269 269 283 283 283 283 283 283 190 182 182 35 35 83 83 47 47 67 67 67 383 383 607 607 282 282 282 282 282 282 409 252 253 361 200 363 192 39 39 39 39 39 374 374 260 19 19 55 55 262 221 42 410 183 183 639 43 43 21 91 91 608 608 #
1564: 274 275 #
1565: 607 25 41 608 #
1566: 7 21 #
1567: 253 253 254 256 252 260 261 262 262 264 #
1568: 15 1007 19 1008 #
1569: 127 130 #
1570: #
1571: 190 1022 925 49 1193 16 8 668 252 192 260 669 523 59 #
1572: 934 524 #
1573: #
1574: 373 195 228 228 947 689 689 689 135 179 230 137 948 231 231 293 1031 693 693 693 #
1575: #
1576: 732 733 #
1577: 127 130 #
1578: #
1579: 318 1021 743 319 #
1580: 627 1090 #
1581: 127 130 #
1582: 47 48 55 57 #
1583: 7 21 #
