graph_for_greach
1083
0: #
1: 2 2 3 3 3 3 4 4 5 5 5 5 #
2: #
3: 893 893 893 144 144 57 57 389 389 743 587 195 195 506 58 58 58 58 58 58 58 310 59 59 252 143 143 256 256 187 187 142 142 142 657 657 657 197 197 141 60 60 60 60 60 60 60 896 258 258 145 146 146 146 #
4: 18 51 19 #
5: #
6: #
7: #
8: 9 3 3 3 3 3 10 11 5 5 5 5 5 #
9: #
10: #
11: 15 3 13 5 #
12: 13 13 14 15 15 16 #
13: #
14: #
15: 70 70 70 70 70 70 70 70 70 70 70 70 70 70 70 118 118 68 68 119 119 119 71 71 71 71 71 71 71 71 71 71 71 71 71 71 71 74 74 74 75 75 75 18 19 #
16: 15 15 15 15 15 15 15 15 3 3 18 18 5 5 13 13 13 13 13 13 13 13 19 19 #
17: 3 3 3 18 18 5 5 5 19 19 #
18: 72 72 72 72 #
19: #
20: 21 21 21 21 21 21 21 21 21 21 21 21 21 21 22 22 22 22 22 22 22 22 22 22 22 22 22 22 #
21: #
22: 5 15 300 3 299 13 #
23: 3 3 24 25 26 5 5 27 #
24: 15 18 25 25 25 25 25 25 25 784 784 785 785 13 27 27 27 27 27 27 27 19 #
25: 449 320 3 15 13 321 29 5 #
26: #
27: #
28: 15 13 #
29: #
30: #
31: 32 33 #
32: 93 #
33: #
34: 32 32 33 33 #
35: #
36: 37 37 38 38 #
37: 15 15 15 15 15 15 51 51 51 51 51 51 51 51 18 18 13 13 13 13 13 13 19 19 #
38: #
39: #
40: #
41: #
42: #
43: #
44: 13 13 45 45 3 3 46 46 47 47 15 15 18 18 48 48 5 5 19 19 #
45: #
46: 530 718 286 719 142 244 382 144 143 695 391 146 #
47: #
48: #
49: 15 15 15 13 13 13 #
50: 5 5 3 3 #
51: #
52: #
53: #
54: #
55: #
56: 57 57 58 58 58 59 59 60 60 60 #
57: #
58: 523 523 523 523 523 523 523 523 523 523 523 523 523 523 523 271 271 271 271 271 271 271 271 271 271 271 271 271 271 271 #
59: 58 58 58 58 187 60 60 60 60 #
60: #
61: #
62: #
63: 15 18 13 19 #
64: 5 5 5 3 3 3 65 66 #
65: 828 411 648 811 #
66: #
67: 14 16 #
68: 69 69 69 69 70 70 70 70 70 70 70 70 70 70 71 71 71 71 71 71 71 71 71 71 72 73 73 73 73 74 74 74 74 75 #
69: #
70: #
71: 32 33 #
72: #
73: 32 33 #
74: #
75: #
76: 3 3 3 5 5 5 #
77: 21 21 21 21 21 21 21 21 21 21 21 22 22 22 22 22 22 22 22 22 22 22 #
78: 57 57 57 60 60 60 60 58 58 58 58 59 59 59 #
79: 13 15 #
80: #
81: 3 5 #
82: 3 5 #
83: 84 84 7 51 51 18 18 85 86 86 87 88 19 19 #
84: #
85: #
86: #
87: 15 15 15 18 13 13 13 19 #
88: #
89: 90 91 92 93 93 93 93 93 93 93 93 93 93 93 93 94 94 94 94 95 96 97 75 #
90: #
91: #
92: #
93: #
94: #
95: 195 195 195 195 195 195 195 195 #
96: 75 #
97: 75 #
98: #
99: 5 5 100 3 3 15 13 101 #
100: 87 7 #
101: #
102: 103 104 104 15 105 105 106 106 3 3 107 5 5 108 108 13 #
103: #
104: #
105: 51 18 19 #
106: 195 195 93 93 15 15 94 18 13 13 19 #
107: 144 13 15 143 3 142 5 146 #
108: #
109: 5 5 5 3 3 3 65 66 #
110: 111 3 3 18 112 113 114 5 5 19 #
111: #
112: #
113: 15 13 #
114: #
115: #
116: 57 57 60 60 60 58 58 58 59 59 #
117: 60 58 #
118: #
119: #
120: #
121: #
122: 3 5 #
123: #
124: #
125: 100 3 3 3 15 5 5 5 13 101 #
126: 13 13 15 15 3 3 3 3 3 5 5 5 5 5 #
127: #
128: #
129: 5 5 5 5 5 5 5 5 130 3 3 3 3 3 3 3 3 65 131 51 66 #
130: #
131: 13 97 97 15 91 91 #
132: #
133: 13 15 51 18 19 #
134: 3 5 #
135: 61 #
136: 48 3 47 5 #
137: 138 138 138 138 138 138 139 139 139 139 139 139 #
138: #
139: 51 51 51 #
140: 57 57 57 57 97 97 97 97 97 97 97 97 97 97 97 97 3 3 3 3 18 18 15 15 58 58 58 58 58 58 58 58 59 59 59 59 141 141 142 143 144 91 91 91 91 91 91 91 91 91 91 91 91 13 13 60 60 60 60 60 60 60 60 5 5 5 5 19 19 145 145 146 #
141: #
142: #
143: 18 19 #
144: #
145: #
146: #
147: #
148: #
149: 5 5 5 5 5 5 5 5 5 5 150 150 3 3 3 3 3 3 3 3 3 3 151 151 152 51 153 #
150: #
151: 26 828 411 24 25 51 648 27 811 #
152: 24 25 26 27 #
153: #
154: 48 48 3 3 47 47 5 5 #
155: 3 3 156 157 5 5 #
156: 51 18 19 #
157: #
158: #
159: #
160: #
161: 5 5 5 5 5 5 5 5 5 162 3 3 3 3 3 3 3 3 3 65 163 51 66 #
162: #
163: 13 97 97 15 91 91 #
164: #
165: 51 3 5 #
166: 167 168 #
167: 58 58 58 58 58 60 60 60 60 60 #
168: #
169: 3 5 #
170: 171 98 #
171: 57 57 57 58 58 58 58 58 58 58 58 58 58 59 59 59 60 60 60 60 60 60 60 60 60 60 #
172: 3 5 #
173: 51 18 18 19 19 #
174: 3 3 3 175 5 5 5 30 #
175: 15 87 7 13 #
176: 3 5 #
177: 13 15 3 3 51 18 5 5 19 #
178: 144 143 15 142 13 146 #
179: 15 106 13 104 #
180: #
181: 3 5 #
182: 58 60 #
183: 60 58 #
184: #
185: #
186: 13 3 3 15 5 5 #
187: #
188: 48 3 47 5 #
189: #
190: #
191: 3 5 #
192: 13 15 3 3 5 5 #
193: #
194: #
195: #
196: #
197: 58 96 60 92 #
198: 5 5 3 3 #
199: 5 5 5 5 200 13 15 3 3 3 3 201 #
200: #
201: 13 15 #
202: #
203: 5 5 5 5 5 5 5 5 5 3 3 3 3 3 3 3 3 3 65 66 #
204: #
205: #
206: #
207: 15 208 18 51 13 209 19 #
208: 15 13 #
209: #
210: 3 3 3 3 3 3 3 3 211 37 212 212 18 213 5 5 5 5 5 5 5 5 38 214 215 215 216 19 #
211: 13 13 13 13 13 13 13 13 15 15 15 15 15 15 15 15 51 51 51 51 51 51 51 51 51 51 37 37 18 18 307 307 308 308 38 38 19 19 #
212: 3 3 280 5 5 283 #
213: #
214: #
215: #
216: #
217: 218 219 3 5 #
218: #
219: 13 13 13 13 13 5 5 5 5 5 5 403 3 3 3 3 3 3 476 781 475 15 15 15 15 15 40 40 841 689 6 842 586 477 843 844 845 845 478 516 128 566 #
220: 4 4 3 3 3 3 2 2 5 5 5 5 #
221: 222 223 223 224 224 202 202 206 206 225 226 226 227 227 #
222: #
223: 222 225 #
224: 222 225 #
225: #
226: #
227: #
228: #
229: 5 5 5 5 5 5 5 5 5 5 5 5 230 230 230 150 150 3 3 3 3 3 3 3 3 3 3 3 3 231 231 231 51 51 51 151 151 #
230: #
231: 318 318 449 449 449 320 15 15 18 319 13 13 321 55 322 322 29 29 29 19 #
232: 13 13 13 15 15 15 46 45 #
233: #
234: 3 3 18 18 5 5 19 19 #
235: 236 236 111 111 237 112 112 113 113 238 239 239 114 114 240 241 #
236: #
237: 3 3 346 346 347 347 5 5 #
238: 113 113 239 239 239 239 239 239 112 694 111 111 114 236 236 236 236 236 236 499 #
239: 111 112 113 694 18 114 499 19 #
240: #
241: #
242: #
243: #
244: #
245: 3 5 #
246: 5 5 5 3 3 3 15 13 #
247: 26 150 5 5 5 5 5 5 5 3 3 3 3 3 3 3 151 24 51 #
248: 13 13 13 249 249 249 249 249 15 15 15 250 250 250 250 250 18 18 18 18 18 18 19 19 19 19 19 19 #
249: #
250: 326 326 329 329 94 94 93 301 303 #
251: #
252: 195 95 94 90 #
253: 254 144 144 251 3 3 3 3 3 3 105 105 255 97 97 143 143 256 256 59 58 142 257 91 91 5 5 5 5 5 5 60 258 258 108 108 57 146 #
254: #
255: 587 252 #
256: 249 726 250 727 301 303 #
257: 96 92 #
258: #
259: 144 144 3 3 3 3 187 187 143 143 142 142 142 5 5 5 5 146 146 146 #
260: #
261: 211 262 216 263 #
262: 3 3 15 15 15 18 5 5 13 13 13 19 #
263: #
264: #
265: #
266: 3 3 3 5 5 5 #
267: 3 3 3 268 5 5 5 269 #
268: 18 15 15 15 15 15 15 15 15 15 13 13 13 13 13 13 13 13 13 19 #
269: #
270: 15 15 15 13 13 13 #
271: 272 272 272 272 164 164 164 164 #
272: 863 541 195 71 71 70 70 #
273: 60 60 60 60 58 58 58 58 #
274: 3 5 #
275: 261 261 276 276 276 212 212 212 212 212 212 212 212 212 212 3 277 277 213 213 278 278 5 279 279 280 280 211 211 281 281 282 282 282 214 214 215 215 215 215 215 215 215 215 215 215 283 283 284 284 216 216 #
276: 37 262 38 263 #
277: 261 261 261 261 276 276 276 276 276 212 212 212 212 212 212 212 212 212 212 212 212 212 262 262 262 262 211 211 211 280 280 280 213 213 213 278 278 214 214 214 281 281 281 281 282 282 282 282 282 263 263 263 263 215 215 215 215 215 215 215 215 215 215 215 215 215 283 283 283 284 284 216 216 216 #
278: 3 58 5 60 #
279: #
280: 18 18 18 15 13 19 19 19 #
281: #
282: #
283: #
284: #
285: 32 32 33 33 #
286: 72 #
287: #
288: #
289: #
290: 200 200 200 5 5 13 3 3 201 201 201 15 18 19 #
291: 144 5 13 15 143 3 51 142 146 #
292: #
293: 5 5 5 5 5 5 5 5 5 5 5 5 5 3 3 3 3 3 3 3 3 3 3 3 3 3 18 18 18 18 18 18 18 18 19 19 19 19 19 19 19 19 #
294: 15 15 15 15 15 3 3 3 295 13 13 13 13 13 296 5 5 5 #
295: 15 201 18 13 200 19 #
296: #
297: 57 57 60 60 60 60 60 60 60 60 58 58 58 58 58 58 58 58 59 59 195 195 195 195 195 195 195 195 195 195 195 195 195 195 195 195 195 195 195 195 195 #
298: 13 13 159 159 159 159 299 300 250 250 250 250 250 250 250 250 250 250 250 250 250 250 250 301 301 302 302 302 302 106 106 106 15 15 18 18 18 303 303 249 249 249 249 249 249 249 249 249 249 249 249 249 249 249 104 104 104 19 19 19 #
299: #
300: 94 195 195 195 195 195 195 93 93 15 15 18 13 13 19 #
301: 60 60 60 60 60 60 60 58 58 58 58 58 58 58 195 #
302: 13 15 #
303: #
304: 51 51 51 #
305: 306 3 3 105 285 5 5 108 #
306: #
307: #
308: #
309: 3 3 3 5 5 5 113 113 113 113 112 112 111 111 111 111 114 114 #
310: 105 117 170 170 59 265 108 57 311 311 #
311: #
312: 13 13 3 3 3 3 3 3 3 3 3 3 18 18 15 15 5 5 5 5 5 5 5 5 5 5 19 19 #
313: 3 3 3 314 5 5 5 315 #
314: 3 5 #
315: #
316: 13 13 45 45 3 3 46 46 47 47 15 15 18 48 48 5 5 19 #
317: 55 55 55 3 3 3 3 3 3 3 10 65 65 65 318 319 319 319 320 51 321 66 66 66 5 5 5 5 5 5 5 322 #
318: #
319: #
320: 15 13 #
321: #
322: #
323: #
324: 194 3 3 3 304 18 51 5 5 5 19 #
325: 326 327 327 327 328 328 328 329 195 195 195 195 195 195 195 195 195 195 195 195 195 195 195 195 195 195 195 195 195 #
326: #
327: #
328: 863 60 60 60 58 58 58 94 541 93 862 71 71 71 70 70 70 1075 #
329: 327 327 327 327 327 327 327 327 327 327 327 327 327 327 327 327 327 327 327 327 327 327 327 327 327 327 327 327 327 902 121 328 328 328 328 328 328 328 328 328 328 328 328 328 328 328 328 328 328 328 328 328 328 328 328 328 328 328 328 328 741 817 990 414 #
330: #
331: #
332: 3 5 #
333: 51 18 18 19 19 #
334: 3 5 #
335: 336 3 337 338 5 339 #
336: #
337: 72 #
338: 72 #
339: #
340: 25 23 341 3 342 343 5 27 #
341: 15 13 #
342: #
343: #
344: 18 51 19 #
345: #
346: 15 15 15 15 15 15 15 15 18 18 13 13 13 13 13 13 13 13 19 19 #
347: #
348: 5 5 5 5 5 200 200 200 200 3 3 3 3 3 201 201 201 201 15 18 13 19 #
349: #
350: #
351: 3 3 58 58 58 58 58 58 58 58 58 58 58 58 58 58 58 58 58 58 58 58 58 58 58 58 58 58 58 58 59 59 59 57 57 57 60 60 60 60 60 60 60 60 60 60 60 60 60 60 60 60 60 60 60 60 60 60 60 60 60 60 60 60 5 5 #
352: 47 47 48 48 #
353: 5 5 5 13 13 15 15 3 3 3 #
354: 84 5 5 124 355 0 184 3 3 86 83 127 356 357 #
355: #
356: 7 124 124 124 680 0 0 83 83 83 553 127 127 87 #
357: 0 127 #
358: #
359: 14 3 3 16 5 5 #
360: 361 97 97 91 91 362 #
361: 230 3 231 5 #
362: #
363: #
364: 13 15 #
365: 5 5 5 5 5 5 5 5 5 5 5 5 26 26 150 150 3 3 3 3 3 3 3 3 3 3 3 3 24 24 51 51 51 151 151 231 230 #
366: 14 346 346 346 346 16 211 211 3 367 347 347 347 347 216 216 5 368 #
367: 3 3 37 37 37 37 211 211 211 211 15 15 15 18 38 38 38 38 13 13 13 5 5 216 216 216 216 19 #
368: #
369: #
370: 5 5 5 3 3 3 65 79 371 66 #
371: #
372: 13 2 3 3 3 3 15 4 5 5 5 5 #
373: 3 3 105 5 5 108 #
374: 3 3 3 5 5 5 #
375: #
376: 5 5 5 5 5 5 9 3 3 3 3 3 3 11 79 377 204 371 #
377: 13 15 #
378: 379 379 379 379 379 380 380 380 380 380 #
379: #
380: #
381: 3 3 3 87 7 5 5 5 #
382: #
383: 18 18 18 18 19 19 19 19 #
384: 51 #
385: 21 21 21 21 21 21 21 21 21 21 21 21 21 21 21 21 21 21 21 21 21 21 21 21 21 21 21 21 21 22 22 22 22 22 22 22 22 22 22 22 22 22 22 22 22 22 22 22 22 22 22 22 22 22 22 22 22 22 380 #
386: 387 5 13 388 15 18 3 19 #
387: #
388: 144 143 15 142 13 146 #
389: #
390: #
391: #
392: #
393: #
394: 5 5 5 5 5 5 5 5 5 5 5 5 3 3 3 3 3 3 3 3 3 3 3 3 15 15 18 13 13 19 #
395: #
396: #
397: #
398: 90 195 95 #
399: 3 5 #
400: 15 18 13 19 #
401: 3 3 3 3 3 3 3 5 5 5 5 5 5 5 #
402: #
403: #
404: 3 18 18 18 319 55 5 19 19 19 #
405: #
406: 3 3 5 5 #
407: 21 21 21 21 21 21 15 15 379 380 22 22 22 22 22 22 13 13 #
408: 57 57 58 58 58 59 59 60 60 60 #
409: 3 3 5 5 #
410: 5 5 84 7 0 13 15 85 3 3 86 127 87 88 #
411: 13 5 15 3 18 19 #
412: 3 5 #
413: 58 58 58 60 60 60 #
414: #
415: 106 106 340 294 416 15 15 15 15 10 3 3 13 13 13 13 104 104 417 418 419 5 5 #
416: 15 15 15 15 15 15 15 15 15 15 15 15 15 15 15 15 3 106 13 13 13 13 13 13 13 13 13 13 13 13 13 13 13 13 104 5 #
417: #
418: #
419: #
420: 57 57 57 57 58 58 58 58 58 58 59 59 59 59 60 60 60 60 60 60 #
421: 13 13 38 38 347 347 3 3 18 15 15 367 367 367 367 367 367 367 367 37 37 346 346 368 368 368 368 368 368 368 368 5 5 19 #
422: 48 48 3 46 47 47 5 45 #
423: 3 5 #
424: #
425: #
426: 13 249 249 250 250 15 #
427: 5 5 5 5 5 5 5 5 162 3 3 3 3 3 3 3 3 65 163 51 66 #
428: #
429: #
430: 3 3 3 3 3 314 5 5 5 5 5 315 #
431: 3 46 45 5 #
432: 3 3 3 16 14 5 5 5 #
433: 5 5 5 3 3 3 15 13 #
434: 3 5 #
435: 13 249 249 249 250 250 250 15 #
436: 15 13 #
437: 58 58 58 59 59 60 60 60 57 57 #
438: 439 5 13 440 15 18 3 19 #
439: #
440: 144 143 15 142 13 146 #
441: 369 3 442 5 #
442: 750 892 892 475 15 15 15 3 3 3 3 476 403 13 13 13 760 760 842 586 36 6 781 5 5 5 5 477 843 844 478 516 #
443: 13 15 #
444: 3 3 5 5 #
445: 159 446 446 249 447 447 250 302 #
446: #
447: 159 159 159 347 347 249 249 249 563 563 250 250 250 564 564 346 346 302 302 302 301 303 #
448: 5 5 5 15 15 3 3 3 13 13 #
449: 3 319 318 404 97 97 97 97 91 91 91 91 710 55 322 5 #
450: 5 5 5 5 5 5 5 5 5 5 3 3 3 3 3 3 3 3 3 3 15 13 #
451: 32 93 33 #
452: 5 3 #
453: 159 249 454 454 455 455 250 302 #
454: #
455: 13 249 249 250 250 658 658 302 15 331 331 159 #
456: 194 3 3 304 5 5 #
457: 3 3 3 5 5 5 #
458: 5 5 5 5 5 200 3 3 3 3 3 201 #
459: 13 15 #
460: #
461: 13 15 #
462: 15 18 51 13 19 #
463: 464 3 465 5 #
464: #
465: 13 3 3 3 3 3 476 127 357 553 781 15 356 83 478 5 5 5 5 5 403 124 355 680 184 0 #
466: #
467: #
468: 144 13 143 15 51 142 146 #
469: 15 13 #
470: #
471: 15 15 15 15 15 15 15 15 472 3 3 3 3 5 5 5 5 473 13 13 13 13 13 13 13 13 474 475 476 477 478 479 #
472: 13 13 15 15 #
473: #
474: 13 13 15 15 #
475: #
476: 356 781 781 355 403 403 #
477: #
478: #
479: #
480: 3 3 481 481 358 358 5 5 #
481: 3 3 5 5 #
482: 278 278 284 284 #
483: 57 57 58 58 58 58 58 58 58 59 59 60 60 60 60 60 60 60 #
484: #
485: 51 18 18 19 19 #
486: #
487: 15 15 3 3 3 5 5 5 13 13 #
488: 5 5 5 5 489 3 3 3 3 490 #
489: #
490: 47 48 #
491: 21 21 21 21 21 21 21 21 21 13 22 22 22 22 22 22 22 22 22 15 #
492: 58 58 58 58 60 60 60 60 #
493: 5 5 5 5 5 5 5 5 3 3 3 3 3 3 3 3 65 66 #
494: #
495: #
496: 21 21 21 21 21 21 21 21 21 21 21 21 21 21 21 21 21 21 21 21 21 21 104 104 104 104 104 104 104 104 104 104 104 104 104 104 104 106 106 106 106 106 106 106 106 106 106 106 106 106 106 106 380 380 380 380 22 22 22 22 22 22 22 22 22 22 22 22 22 22 22 22 22 22 22 22 22 22 15 15 15 15 15 379 13 13 13 13 13 #
497: 13 13 13 5 5 108 3 3 105 15 15 15 94 94 94 94 #
498: 18 18 18 51 19 19 19 #
499: #
500: #
501: 58 58 59 60 60 57 #
502: #
503: #
504: 379 380 15 15 22 22 22 22 21 21 21 21 13 13 #
505: #
506: 90 195 95 #
507: #
508: 47 47 48 48 #
509: 13 13 13 3 3 3 3 3 15 15 15 5 5 5 5 5 #
510: 5 287 3 511 #
511: 15 13 #
512: #
513: 3 3 163 314 162 315 5 5 #
514: 21 22 #
515: 5 5 3 3 15 13 #
516: #
517: 57 57 60 60 60 60 60 60 60 60 60 58 58 58 58 58 58 58 58 58 195 195 195 195 195 195 195 195 195 195 195 195 195 195 195 195 195 195 195 195 195 59 59 #
518: 58 60 #
519: 3 5 #
520: #
521: #
522: 3 3 304 177 15 51 18 5 5 13 194 363 19 #
523: #
524: #
525: 13 13 249 526 250 15 15 527 #
526: #
527: 13 13 13 13 289 289 889 889 301 15 15 15 15 93 94 644 250 646 303 249 #
528: 505 3 529 5 #
529: 553 553 3 3 127 127 7 680 680 87 5 5 0 0 #
530: 15 72 13 #
531: 532 532 102 102 #
532: #
533: 58 58 58 58 58 59 57 60 60 60 60 60 #
534: 5 5 5 5 5 3 3 3 3 3 #
535: 106 106 106 106 106 106 106 106 106 106 106 15 13 104 104 104 104 104 104 104 104 104 104 104 #
536: 3 537 93 93 15 94 5 13 #
537: #
538: #
539: 13 13 13 200 200 200 200 5 201 201 201 201 15 15 15 3 #
540: #
541: 33 33 33 33 33 33 33 540 540 502 91 91 91 91 91 91 428 428 428 428 428 428 428 428 428 428 180 180 180 180 180 180 180 180 180 180 180 180 180 180 180 180 180 180 180 180 31 31 31 31 31 31 542 542 542 542 542 542 97 97 97 97 97 97 34 543 543 544 544 544 544 544 544 544 544 544 544 32 32 32 32 32 32 32 61 451 451 451 451 451 451 451 451 451 545 545 545 545 545 545 545 545 545 #
542: #
543: #
544: #
545: #
546: 5 5 5 150 3 3 3 151 #
547: 5 5 5 5 48 3 3 3 3 47 85 51 18 88 19 #
548: 3 5 #
549: 13 13 45 45 3 3 46 46 47 47 15 15 18 48 48 5 5 19 #
550: 57 3 3 18 58 58 58 58 58 58 58 58 59 5 5 60 60 60 60 60 60 60 60 19 #
551: 106 106 341 3 179 416 15 25 13 104 104 552 343 5 27 419 #
552: #
553: #
554: 3 3 3 105 105 195 195 195 195 195 195 195 195 58 58 58 58 68 118 5 5 5 60 60 60 60 108 108 #
555: 3 5 #
556: 3 3 3 5 5 5 #
557: 144 13 143 15 51 142 146 #
558: 3 3 3 5 5 5 #
559: 60 60 58 58 167 168 #
560: 91 91 561 97 97 562 #
561: 3 784 785 5 #
562: #
563: #
564: 144 13 13 13 568 569 570 249 249 249 249 249 249 249 143 250 250 250 250 250 250 250 142 15 15 15 248 571 195 572 93 93 94 573 298 574 575 146 #
565: 3 15 15 94 94 93 93 5 13 13 #
566: #
567: 347 347 347 347 347 347 347 347 13 13 241 241 241 241 241 241 241 241 241 237 237 237 237 237 237 237 237 237 15 15 346 346 346 346 346 346 346 346 #
568: #
569: #
570: #
571: 13 13 250 250 250 250 250 15 15 18 18 18 18 301 303 249 249 249 249 249 19 19 19 19 #
572: 104 104 104 104 104 104 13 249 249 249 249 249 249 249 249 249 249 249 249 249 249 250 250 250 250 250 250 250 250 250 250 250 250 250 250 15 18 18 18 106 106 106 106 106 106 301 301 303 303 19 19 19 #
573: 249 249 249 249 249 249 249 249 249 249 249 249 643 13 13 13 13 13 250 250 250 250 250 250 250 250 250 250 250 250 15 15 15 15 15 644 93 93 93 93 93 93 93 93 94 94 94 94 18 18 18 18 195 645 646 19 19 19 19 #
574: #
575: #
576: 3 5 #
577: 48 48 3 47 47 5 #
578: 5 315 3 314 #
579: 57 57 60 60 60 58 58 58 59 59 #
580: 581 13 582 15 18 3 5 19 #
581: #
582: 144 143 15 142 13 146 #
583: 144 13 143 15 51 142 146 #
584: 3 3 3 3 3 5 5 5 5 5 #
585: #
586: 13 15 #
587: #
588: 5 5 3 3 46 45 #
589: 502 34 #
590: 3 5 #
591: 144 143 3 15 142 5 13 146 #
592: 3 3 5 5 #
593: 3 5 #
594: 119 71 75 70 #
595: 5 5 3 3 596 597 292 598 #
596: 13 13 13 13 13 13 13 13 13 13 15 15 15 15 15 15 15 15 15 15 341 341 288 288 288 288 535 49 319 724 724 724 724 106 106 179 635 416 597 834 552 343 343 55 104 104 419 696 323 292 #
597: 15 106 106 46 45 13 104 104 #
598: #
599: 57 57 57 57 57 57 57 60 60 60 60 60 60 60 60 60 60 60 60 60 60 60 60 60 60 60 60 60 58 58 58 58 58 58 58 58 58 58 58 58 58 58 58 58 58 58 58 58 58 59 59 59 59 59 59 59 #
600: 3 3 3 596 5 5 5 598 #
601: #
602: #
603: 144 143 15 142 13 146 #
604: #
605: #
606: 48 3 3 47 5 5 #
607: 96 92 #
608: 144 143 142 142 142 3 3 187 5 5 146 146 146 #
609: #
610: 18 18 18 19 19 19 #
611: 2 3 3 4 5 5 #
612: 51 #
613: 51 #
614: 57 58 58 59 60 60 #
615: 13 13 3 3 3 15 15 5 5 5 #
616: 58 58 3 3 5 5 60 60 #
617: 25 97 97 91 91 27 #
618: 5 5 100 3 3 15 13 101 #
619: #
620: 3 3 3 3 5 5 5 5 #
621: 7 0 5 5 13 84 15 85 3 3 86 127 87 88 #
622: 57 57 58 58 58 59 59 60 60 60 #
623: #
624: 3 5 #
625: #
626: 15 13 #
627: 144 144 144 144 144 3 3 3 3 3 143 143 143 143 143 142 142 142 142 142 142 142 187 187 5 5 5 5 5 146 146 146 146 146 146 146 #
628: 104 104 3 3 3 105 106 106 18 5 5 5 108 19 #
629: #
630: 3 3 3 262 5 5 5 263 #
631: 144 143 3 142 5 146 #
632: 3 5 #
633: 58 58 60 60 #
634: #
635: 60 60 60 60 60 60 60 60 60 60 58 58 58 58 58 58 58 58 58 58 15 15 18 106 106 13 13 104 104 19 #
636: #
637: 195 #
638: 347 347 347 347 13 269 269 14 14 14 14 268 268 346 346 346 346 16 16 16 16 15 #
639: 3 3 3 304 304 133 18 429 5 5 5 194 194 19 #
640: 58 58 58 58 59 59 57 57 60 60 60 60 #
641: 144 13 143 15 51 142 146 #
642: 3 3 3 5 5 5 #
643: #
644: #
645: 13 249 249 726 250 250 727 301 15 303 #
646: #
647: #
648: #
649: 3 3 3 3 3 401 5 5 5 5 5 650 #
650: #
651: 15 18 13 19 #
652: 195 #
653: 3 5 #
654: 5 5 3 3 47 48 #
655: 3 3 5 5 #
656: 3 3 2 4 5 5 #
657: 96 92 #
658: 159 243 243 249 445 445 250 302 #
659: #
660: #
661: 347 347 347 347 347 347 13 14 14 14 14 3 346 346 346 346 346 346 268 268 16 16 16 16 15 269 269 5 #
662: #
663: 5 5 5 489 3 3 3 490 #
664: 466 97 97 91 91 242 #
665: #
666: 5 5 5 5 5 5 5 5 5 5 150 150 3 3 3 3 3 3 3 3 3 3 151 151 561 51 562 #
667: 51 #
668: 268 3 3 5 5 269 #
669: #
670: #
671: 107 107 103 103 #
672: #
673: 674 21 21 21 21 21 21 21 21 21 21 13 379 379 380 380 22 22 22 22 22 22 22 22 22 22 15 675 #
674: #
675: 5 300 3 299 #
676: 3 3 15 15 13 13 5 5 #
677: 429 429 194 194 3 3 3 304 304 133 133 5 5 5 #
678: #
679: 123 124 5 5 355 680 3 3 85 83 553 356 681 88 #
680: #
681: 680 553 #
682: 3 3 3 3 15 15 5 5 5 5 13 13 #
683: #
684: 3 5 #
685: 5 5 5 5 5 3 3 3 3 3 65 66 #
686: 5 3 15 13 #
687: 434 3 688 5 #
688: #
689: 13 15 87 7 #
690: 3 3 3 3 5 5 5 5 #
691: 58 58 58 58 60 60 60 60 #
692: 162 3 3 3 3 65 65 163 51 66 66 5 5 5 5 #
693: 18 18 19 19 #
694: 13 13 15 15 #
695: #
696: #
697: #
698: 3 5 #
699: 152 97 97 91 91 153 #
700: #
701: 3 3 434 688 5 5 #
702: 7 680 0 84 13 15 553 3 3 127 86 87 5 5 #
703: 57 57 60 60 60 58 58 58 59 59 #
704: 375 375 665 200 200 201 201 705 539 539 #
705: 375 375 375 13 13 15 15 539 539 539 #
706: 3 3 5 5 #
707: 13 249 249 249 249 249 299 250 250 250 250 250 300 301 15 303 #
708: #
709: 3 434 688 5 #
710: #
711: 60 60 60 60 60 60 60 60 58 58 58 58 58 58 58 58 #
712: 439 439 439 439 144 144 13 13 13 13 13 13 5 5 3 3 15 15 15 15 15 15 143 143 142 18 440 440 440 440 19 146 #
713: #
714: 13 429 3 3 304 15 133 194 5 5 #
715: #
716: 21 21 21 21 21 21 13 13 15 15 22 22 22 22 22 22 #
717: 389 3 3 3 3 105 105 398 117 170 170 59 58 197 54 265 60 5 5 5 5 108 108 57 311 311 #
718: 72 #
719: 72 #
720: 3 3 5 5 #
721: #
722: 470 97 97 91 91 521 #
723: 288 3 3 3 724 5 5 5 #
724: 15 13 #
725: 3 5 #
726: #
727: 159 159 159 159 159 159 159 1027 249 52 392 956 832 707 435 426 1028 301 250 302 302 302 302 302 302 302 1008 303 #
728: 3 5 #
729: 13 13 13 13 13 15 15 15 15 15 45 106 106 106 106 106 3 3 93 93 93 93 94 94 46 434 18 5 5 688 104 104 104 104 104 19 #
730: 144 3 143 142 51 5 146 #
731: 481 3 358 5 #
732: 3 5 #
733: 90 95 #
734: 3 5 #
735: #
736: #
737: 13 13 13 13 13 13 13 13 13 13 13 104 104 104 104 104 104 104 104 104 104 104 104 21 21 299 299 299 299 299 299 299 299 299 299 299 299 379 379 379 379 380 380 380 380 300 300 300 300 300 300 300 300 300 300 300 300 106 106 106 106 106 106 106 106 106 106 106 106 15 15 15 15 15 15 15 15 15 15 15 22 22 #
738: #
739: 47 47 48 48 #
740: 13 15 #
741: 327 327 327 327 328 328 328 328 301 301 301 303 303 303 #
742: 743 587 252 506 #
743: #
744: #
745: #
746: 3 3 5 5 #
747: #
748: 749 13 178 15 18 3 5 19 #
749: #
750: #
751: 349 3 3 181 5 5 #
752: 51 18 18 19 19 #
753: #
754: 3 3 3 51 18 18 5 5 5 19 19 #
755: 230 26 24 231 3 5 #
756: 5 5 5 13 13 15 15 3 3 3 #
757: 58 58 58 58 58 58 58 60 60 60 60 60 60 60 #
758: 759 5 13 603 15 18 3 19 #
759: #
760: 37 37 38 38 #
761: 13 269 269 347 347 347 347 347 347 14 14 14 14 14 268 268 346 346 346 346 346 346 211 211 16 16 16 16 16 15 216 216 #
762: 481 731 731 715 715 715 715 480 480 763 763 358 764 764 619 619 39 39 708 708 765 765 765 765 115 115 #
763: 481 3 358 5 #
764: 358 358 358 3 3 3 3 3 3 481 481 481 5 5 5 5 5 5 #
765: #
766: #
767: 3 5 #
768: 3 5 #
769: #
770: #
771: #
772: 15 15 3 3 51 51 51 51 18 18 18 18 18 18 18 18 18 18 18 18 18 18 13 13 5 5 19 19 19 19 19 19 19 19 19 19 19 19 19 19 #
773: #
774: #
775: 60 60 60 60 60 58 58 58 58 58 #
776: #
777: 104 104 3 3 3 105 106 106 5 5 5 108 #
778: #
779: 51 18 18 19 19 #
780: 3 5 #
781: 83 553 127 87 7 680 0 124 #
782: 57 57 57 60 60 60 60 60 60 58 58 58 58 58 58 59 59 59 #
783: 3 3 3 179 179 341 341 15 15 25 25 106 106 106 416 784 602 785 13 13 552 552 104 104 104 343 343 5 5 5 27 27 419 #
784: 449 318 15 15 18 319 13 13 55 322 29 19 #
785: #
786: #
787: #
788: #
789: 3 5 #
790: 195 #
791: 3 434 688 5 #
792: 144 13 143 15 51 142 146 #
793: 5 5 5 5 3 3 3 3 58 58 58 58 58 18 18 18 18 18 18 60 60 60 60 60 19 19 19 19 19 19 #
794: 15 94 13 #
795: #
796: 7 84 680 5 5 13 15 553 3 3 127 86 87 0 #
797: #
798: #
799: 5 5 5 5 5 5 5 5 5 5 150 150 3 3 3 3 3 3 3 3 3 3 151 151 25 51 27 #
800: 3 3 3 3 3 15 5 5 5 5 5 13 #
801: 495 5 5 5 5 108 3 3 3 3 105 802 #
802: 13 13 13 13 13 5 15 15 15 15 15 3 93 94 94 94 94 94 94 #
803: 804 805 89 742 594 270 806 766 807 #
804: #
805: #
806: #
807: #
808: 144 143 3 15 142 5 13 146 #
809: #
810: 60 60 60 60 60 58 58 58 58 58 #
811: #
812: #
813: 130 3 3 3 3 65 65 131 51 66 66 5 5 5 5 #
814: 13 15 #
815: 7 680 0 0 13 13 3 3 3 3 15 15 553 127 127 87 5 5 5 5 #
816: 47 47 48 48 #
817: 327 327 327 327 328 328 328 328 301 303 #
818: #
819: 3 5 #
820: #
821: #
822: 5 5 3 3 18 19 #
823: 3 3 3 5 5 5 #
824: 58 58 58 58 58 58 58 60 60 60 60 60 60 60 #
825: 3 5 #
826: 51 18 18 19 19 #
827: 368 368 347 13 15 18 18 18 18 367 367 346 19 19 19 19 #
828: 648 200 411 201 #
829: 375 375 375 665 665 200 200 201 201 705 705 539 539 539 #
830: 47 47 48 48 #
831: 5 5 5 5 5 5 5 5 5 3 3 3 3 3 3 3 3 3 18 19 #
832: 13 249 249 249 249 249 249 250 250 250 250 250 250 15 #
833: 834 5 5 5 5 5 5 3 3 3 3 3 3 46 15 15 94 94 94 94 49 51 51 18 18 18 18 18 18 18 18 18 13 13 45 19 19 19 19 19 19 19 19 19 #
834: #
835: 347 13 15 18 18 18 18 367 367 346 368 368 19 19 19 19 #
836: 5 5 3 3 #
837: 3 5 #
838: #
839: 144 5 3 143 142 146 #
840: #
841: #
842: 13 586 15 844 #
843: #
844: #
845: #
846: 3 5 #
847: 368 368 347 347 3 3 18 367 367 346 346 5 5 19 #
848: 3 3 3 3 2 2 4 4 5 5 5 5 #
849: 3 5 #
850: 680 0 5 5 5 5 13 13 3 3 3 3 15 15 553 127 87 7 #
851: 96 92 #
852: 3 3 5 5 #
853: 3 3 3 3 3 3 105 106 106 104 104 5 5 5 5 5 5 108 #
854: 13 15 #
855: 3 3 3 3 3 3 51 51 105 106 106 18 5 5 5 5 5 5 104 104 108 19 #
856: 48 48 3 47 47 5 #
857: 3 3 5 5 #
858: 665 665 13 13 13 200 200 200 200 5 705 705 201 201 201 201 15 15 15 3 #
859: 5 5 5 5 5 200 200 200 13 3 3 3 3 3 201 201 201 10 10 15 #
860: 5 5 3 3 #
861: 803 #
862: 545 545 545 545 545 545 545 545 545 545 545 545 545 545 545 545 545 545 545 545 545 545 545 545 545 545 545 545 545 545 545 545 545 545 545 545 545 545 545 545 545 545 545 545 545 545 545 545 545 545 545 545 545 545 545 545 545 545 545 545 545 545 545 545 545 545 545 545 545 545 545 545 545 545 545 545 545 545 545 545 545 545 545 545 545 545 545 545 545 545 545 545 545 545 545 545 545 545 545 545 545 545 545 545 545 545 545 545 545 545 545 545 545 545 545 545 545 545 545 545 545 545 545 545 545 545 545 545 545 545 545 545 545 545 545 545 545 545 545 545 545 545 545 545 545 545 545 545 545 545 545 545 863 863 863 863 863 863 863 863 863 863 863 863 863 863 863 863 863 863 863 863 863 863 863 863 863 863 863 863 863 863 863 863 863 863 92 92 92 92 92 92 92 92 92 92 92 92 92 92 92 92 92 90 90 90 90 90 90 90 502 542 542 542 542 542 542 542 542 542 542 542 542 33 34 32 195 195 195 195 195 195 195 195 195 195 195 451 451 451 451 451 451 451 451 451 451 451 451 451 451 451 451 451 451 451 451 451 451 451 451 451 451 451 451 451 451 451 451 451 451 451 451 451 451 451 451 451 451 451 451 451 451 451 451 451 451 451 451 451 451 451 451 451 451 451 451 451 451 451 451 451 451 451 451 451 451 451 451 451 451 451 451 451 451 451 451 451 451 451 451 451 451 451 451 451 451 451 451 451 451 451 451 451 451 451 451 451 451 451 451 451 451 451 451 451 451 451 451 451 451 451 451 451 451 451 451 451 451 451 451 451 451 451 451 451 451 451 451 451 451 451 451 451 451 451 451 451 451 451 451 451 451 451 451 451 451 451 451 61 61 61 61 61 61 61 61 61 61 61 61 61 61 61 61 61 61 61 61 61 61 61 61 61 61 94 94 94 94 94 94 94 94 94 94 94 94 94 94 94 94 94 94 94 94 94 94 94 94 94 94 94 95 95 95 95 95 95 95 541 541 541 541 541 541 541 541 541 541 541 541 541 541 541 541 541 541 541 541 541 541 541 541 541 541 541 541 541 541 541 541 541 541 96 96 96 96 96 96 96 96 96 96 96 96 96 96 96 96 96 31 31 31 31 31 31 31 31 31 31 31 31 93 93 93 93 #
863: #
864: #
865: #
866: 130 3 3 314 131 315 5 5 #
867: #
868: #
869: 3 3 3 5 5 5 #
870: #
871: #
872: 3 47 5 48 #
873: 51 18 18 19 19 #
874: 13 13 15 15 #
875: 287 511 #
876: 3 5 #
877: 100 3 3 3 3 3 3 3 3 3 3 3 3 3 3 3 3 101 5 5 5 5 5 5 5 5 5 5 5 5 5 5 5 5 #
878: #
879: 48 48 3 46 47 47 5 45 #
880: 3 3 5 5 #
881: 345 345 3 3 3 3 3 3 3 10 15 15 15 15 15 105 105 94 94 94 882 93 693 693 18 520 13 13 13 13 13 108 108 5 5 5 5 5 5 5 19 #
882: 32 32 33 33 #
883: 148 652 652 652 652 652 652 652 652 652 43 #
884: 111 18 112 113 114 19 #
885: #
886: #
887: 3 3 5 5 #
888: 3 97 91 5 #
889: 159 249 396 396 453 453 250 302 #
890: 21 21 21 21 21 21 21 21 21 22 22 22 22 22 22 22 22 22 #
891: 3 5 #
892: #
893: #
894: 13 15 #
895: #
896: #
897: 870 51 18 898 35 812 19 #
898: 505 505 48 48 529 529 47 47 18 19 #
899: 144 5 13 143 3 15 51 142 146 #
900: 505 529 #
901: #
902: #
903: 42 42 788 788 #
904: 753 607 3 3 3 105 905 906 5 5 5 108 #
905: 90 95 #
906: #
907: #
908: 5 3 #
909: 439 439 439 439 5 5 13 13 13 13 13 13 3 3 15 15 15 15 15 15 18 440 440 440 440 19 #
910: #
911: 3 3 179 635 58 602 416 552 60 696 5 5 419 #
912: 482 482 482 482 3 278 278 284 284 662 662 662 662 5 #
913: 3 5 #
914: 5 5 5 5 5 5 5 13 13 13 13 13 3 3 3 3 3 3 3 15 15 15 15 15 #
915: 195 195 195 195 195 195 195 195 195 195 195 195 195 195 195 195 195 195 195 195 195 58 58 58 60 60 60 #
916: 3 5 #
917: 3 5 #
918: 47 47 48 48 #
919: 3 3 5 5 #
920: #
921: #
922: #
923: 13 13 13 665 665 5 200 200 200 200 705 705 201 201 201 201 15 15 15 3 #
924: 7 0 84 13 15 85 3 3 86 127 87 5 5 88 #
925: #
926: 13 13 15 15 #
927: 3 3 3 3 2 2 4 4 5 5 5 5 #
928: #
929: #
930: 45 45 13 13 13 46 46 15 15 15 #
931: 13 13 13 13 13 3 3 3 15 15 15 15 15 700 304 304 304 10 10 133 133 429 429 5 5 5 194 194 194 678 #
932: #
933: 347 347 308 346 346 307 #
934: #
935: 51 18 19 #
936: 58 96 60 92 #
937: 51 #
938: 3 3 3 3 3 127 127 553 83 83 781 781 5 5 5 5 5 124 124 680 0 0 403 403 #
939: 5 5 5 5 5 5 5 3 3 3 3 3 3 3 10 65 65 65 318 319 319 319 320 51 321 55 55 55 66 66 66 322 #
940: #
941: 287 511 #
942: 3 5 #
943: 48 48 3 47 47 5 #
944: 755 97 97 91 91 41 #
945: 5 5 5 5 5 48 3 3 3 3 3 47 #
946: #
947: 3 5 #
948: 3 3 15 13 5 5 #
949: 3 434 688 5 #
950: 5 5 3 3 #
951: 144 143 15 142 13 146 #
952: 91 91 24 97 97 26 #
953: 58 58 58 58 58 58 58 58 58 58 58 58 58 58 58 58 58 58 58 58 58 58 58 58 58 58 5 5 60 60 60 60 60 60 60 60 60 60 60 60 60 60 60 60 60 60 60 60 60 60 60 60 60 60 3 3 #
954: 57 57 58 58 58 59 59 60 60 60 #
955: 3 3 3 58 58 58 58 58 58 195 195 60 60 60 60 60 60 5 5 5 #
956: #
957: 21 21 21 21 21 21 21 21 21 21 22 22 22 22 22 22 22 22 22 22 #
958: 51 #
959: 21 21 379 380 22 22 #
960: 5 5 5 5 5 5 3 3 3 3 3 3 18 18 18 19 19 19 #
961: #
962: 21 21 21 21 21 21 21 21 21 22 22 22 22 22 22 22 22 22 #
963: #
964: 3 3 5 5 #
965: 3 471 5 966 #
966: #
967: 5 3 #
968: 3 5 #
969: #
970: 3 5 #
971: 13 15 #
972: 200 200 5 5 5 5 13 3 3 3 3 201 201 15 18 19 #
973: #
974: 3 3 3 3 3 3 3 3 18 18 18 15 13 5 5 5 5 5 5 5 5 19 19 19 #
975: 5 5 13 175 15 3 3 30 #
976: 5 5 3 3 #
977: #
978: 3 122 5 771 #
979: 3 3 15 15 94 13 13 5 5 #
980: 15 13 #
981: #
982: #
983: 920 5 13 951 15 18 3 19 #
984: 58 58 58 58 60 60 60 60 #
985: 15 5 5 840 3 3 192 13 #
986: 144 13 143 15 51 142 146 #
987: 625 3 3 3 584 5 5 5 #
988: 3 5 #
989: 13 15 #
990: 327 327 328 328 301 303 #
991: 58 60 #
992: 21 21 21 21 21 21 21 21 13 379 379 379 380 380 380 22 22 22 22 22 22 22 22 15 #
993: 21 21 21 379 380 22 22 22 #
994: 3 5 #
995: #
996: #
997: 21 21 21 21 379 379 379 380 380 380 22 22 22 22 #
998: 13 13 15 15 3 3 3 5 5 5 #
999: 3 3 47 5 5 48 #
1000: 3 3 3 5 5 5 #
1001: 389 743 3 3 3 3 105 105 506 117 170 170 59 58 197 265 60 5 5 5 5 108 108 57 311 311 #
1002: 195 195 195 195 195 #
1003: 13 13 45 45 48 48 3 3 46 46 47 47 15 15 18 5 5 19 #
1004: 15 13 #
1005: 3 5 #
1006: 7 680 0 0 5 5 5 5 13 13 3 3 3 3 15 15 553 127 127 87 #
1007: 21 15 22 13 #
1008: #
1009: #
1010: #
1011: 57 58 58 59 60 60 #
1012: #
1013: #
1014: #
1015: 3 15 5 13 #
1016: 194 3 3 3 304 5 5 5 #
1017: 3 938 736 5 #
1018: 5 5 5 5 5 45 696 3 3 3 3 3 10 46 18 635 19 #
1019: 60 60 60 60 60 60 60 60 60 60 58 58 58 58 58 58 58 58 58 58 #
1020: 769 851 3 3 3 105 733 672 5 5 5 108 #
1021: #
1022: #
1023: #
1024: 776 3 3 780 5 5 #
1025: #
1026: #
1027: #
1028: 249 250 15 13 #
1029: 3 5 #
1030: 5 5 100 3 3 15 13 101 #
1031: #
1032: 379 379 379 379 379 380 380 380 380 380 22 22 22 22 22 15 15 21 21 21 21 21 13 13 #
1033: 194 194 3 3 3 304 304 133 5 5 5 429 #
1034: 5 5 5 5 5 5 200 200 3 3 3 3 3 3 15 201 201 13 #
1035: 13 269 269 38 38 14 14 14 14 14 268 268 346 346 346 346 346 346 37 37 16 16 16 16 16 15 347 347 347 347 347 347 #
1036: 194 194 429 3 3 3 304 304 133 18 5 5 5 19 #
1037: 3 15 5 13 #
1038: #
1039: 3 3 3 25 25 25 25 15 15 179 179 106 106 106 341 341 602 416 784 785 13 13 552 552 343 343 104 104 104 5 5 5 27 27 27 27 419 #
1040: 112 113 18 114 111 19 #
1041: 3 3 5 5 #
1042: 48 48 3 47 47 5 #
1043: 58 58 58 59 59 57 57 60 60 60 #
1044: 287 511 #
1045: 130 5 5 5 5 5 5 5 5 5 3 3 3 3 3 3 3 3 3 65 131 51 66 #
1046: #
1047: #
1048: 15 13 #
1049: 5 5 7 680 84 13 15 553 3 3 127 86 87 0 #
1050: 48 48 3 47 47 5 #
1051: 495 5 5 5 5 5 5 5 696 696 3 3 3 3 3 3 3 535 15 15 15 15 15 15 15 319 49 195 195 635 635 51 51 51 802 416 834 55 13 13 13 13 13 13 13 419 323 #
1052: 7 5 5 5 5 680 0 0 13 13 3 3 3 3 15 15 553 127 127 87 #
1053: 3 3 5 5 #
1054: #
1055: 57 58 58 58 58 59 60 60 60 60 #
1056: 3 5 #
1057: 15 13 #
1058: 13 13 13 13 15 15 15 15 3 3 3 5 5 5 #
1059: 3 3 5 5 #
1060: 194 194 429 3 3 3 304 304 133 18 18 18 18 5 5 5 19 19 19 19 #
1061: 3 3 51 5 5 #
1062: 3 5 #
1063: 535 415 597 319 15 15 15 15 49 3 3 3 3 3 3 3 10 106 963 13 13 13 13 834 292 55 104 5 5 5 5 5 5 5 323 #
1064: 200 200 5 5 3 3 201 201 #
1065: 3 3 5 5 #
1066: 3 5 #
1067: 5 5 287 3 3 511 #
1068: 3 5 #
1069: 5 5 5 5 5 5 5 834 15 15 15 15 15 15 3 3 3 3 3 3 3 490 18 18 18 18 18 18 18 51 51 51 49 626 626 13 13 13 13 13 13 489 778 778 19 19 19 19 19 19 19 #
1070: #
1071: 18 18 18 18 51 19 19 19 19 #
1072: 15 18 13 19 #
1073: 2 2 3 3 3 3 4 4 5 5 5 5 #
1074: 22 22 22 22 22 21 21 21 21 21 #
1075: #
1076: 144 144 893 587 3 3 3 3 3 105 252 143 143 256 256 142 657 258 258 5 5 5 5 5 108 146 #
1077: 3 5 #
1078: 57 60 59 58 #
1079: 3 5 #
1080: #
1081: #
1082: 47 47 48 48 #
