graph_for_greach
1436
0: 1 2 3 4 5 #
1: 112 90 90 122 87 456 19 19 1072 18 828 1371 1371 835 446 240 29 3 20 1005 1005 21 21 655 1152 116 836 280 457 458 136 #
2: 16 622 31 32 3 34 35 1319 #
3: 44 44 #
4: #
5: #
6: #
7: 8 9 3 10 11 #
8: 16 16 16 16 16 16 16 16 2 2 231 231 232 3 233 233 234 5 5 #
9: 2 1159 231 231 16 16 3 233 233 1160 5 #
10: #
11: #
12: 13 3 14 #
13: 3 3 112 31 18 20 35 116 #
14: #
15: 16 3 #
16: #
17: 18 18 18 19 19 3 20 20 20 21 21 #
18: 548 19 3 21 #
19: 278 3 279 #
20: #
21: #
22: #
23: 16 16 24 3 25 #
24: 2 90 3 5 #
25: #
26: 27 3 28 #
27: 1013 3 1012 #
28: #
29: 30 18 31 32 33 3 20 34 35 #
30: #
31: 731 548 3 732 #
32: 548 1072 3 655 #
33: 548 277 3 1241 #
34: #
35: #
36: #
37: 38 3 39 #
38: 65 65 65 214 215 217 16 16 2 2 231 1232 3 233 219 220 221 221 221 715 222 5 5 #
39: #
40: #
41: #
42: #
43: 44 #
44: #
45: 46 47 48 3 49 #
46: #
47: 1388 #
48: 16 16 16 16 16 16 16 16 16 16 16 16 16 16 16 16 16 16 16 16 16 16 16 16 16 16 16 16 16 16 16 16 16 16 16 16 16 16 16 16 16 16 16 16 16 16 16 16 16 16 16 16 16 16 16 16 16 16 16 16 16 16 16 16 16 16 16 16 16 16 16 16 16 16 16 16 16 44 44 44 44 44 44 44 44 44 44 44 44 44 44 44 44 44 44 44 44 44 44 44 44 1015 3 1016 #
49: #
50: 51 51 52 3 53 53 54 #
51: 235 16 3 578 #
52: 16 16 16 253 3 254 #
53: #
54: #
55: 16 3 #
56: #
57: 2 58 59 3 60 61 5 #
58: 744 231 231 65 65 65 214 215 217 16 16 16 16 16 16 16 16 16 16 16 16 16 16 16 16 16 16 2 2 2 319 319 746 869 869 66 74 181 3 750 219 76 220 221 221 221 549 870 870 233 233 222 5 5 5 753 67 #
59: 1215 2 2 2 2 2 2 2 2 231 16 16 16 16 16 16 16 16 16 16 16 16 16 16 16 16 16 16 16 16 16 16 16 16 16 16 16 16 16 16 319 319 319 319 319 319 319 319 319 130 1 1 1 869 869 869 910 66 132 132 490 518 518 518 518 518 518 518 518 518 1066 1066 3 3 1067 1067 232 1214 133 1068 1068 234 1073 1073 491 41 41 4 4 4 870 870 870 233 522 522 522 522 522 522 522 522 522 369 5 5 5 5 5 5 5 5 67 #
60: #
61: #
62: #
63: #
64: #
65: 16 16 16 16 66 3 67 #
66: 231 3 233 #
67: #
68: 44 44 69 69 66 16 3 70 70 67 #
69: 1055 3 22 #
70: #
71: #
72: 16 16 16 73 74 75 3 76 #
73: #
74: 356 3 361 #
75: 16 1351 #
76: #
77: #
78: #
79: 80 81 3 #
80: 3 #
81: 650 155 3 #
82: #
83: 84 85 3 86 #
84: 614 830 615 44 3 616 617 831 #
85: 3 #
86: #
87: 88 16 16 16 89 89 89 90 51 91 92 32 93 3 34 53 94 95 #
88: 3 #
89: 155 155 3 #
90: 533 3 #
91: 143 16 16 144 3 51 90 53 #
92: 830 830 830 830 830 830 830 830 830 830 16 16 16 16 16 16 16 16 16 114 3 831 831 831 831 831 831 831 831 831 831 1101 327 #
93: 3 #
94: #
95: #
96: #
97: 98 99 #
98: #
99: #
100: 16 101 102 103 104 3 105 106 107 108 #
101: 1102 3 1103 #
102: 16 403 162 418 #
103: 57 3 729 #
104: 57 3 729 #
105: #
106: #
107: #
108: #
109: 110 110 111 3 112 113 114 115 31 19 88 21 35 116 117 118 118 119 120 #
110: 88 88 114 149 320 115 31 3 35 153 117 321 #
111: 115 115 88 88 88 114 114 320 3 117 117 321 #
112: 16 16 16 16 1242 44 3 1243 #
113: 122 259 3 258 #
114: 3 #
115: 90 90 90 90 90 1276 114 114 271 3 3 736 147 563 #
116: #
117: #
118: #
119: #
120: #
121: 112 122 90 123 123 124 3 116 78 #
122: 533 3 #
123: 16 3 #
124: 112 79 79 79 79 79 79 79 79 79 79 79 650 3 952 122 88 114 114 116 #
125: 3 #
126: 3 #
127: 16 128 3 #
128: 3 #
129: 16 16 16 16 16 16 16 130 131 132 132 3 133 134 41 41 #
130: 16 90 90 3 #
131: 16 16 16 16 16 16 112 2 32 543 319 179 292 544 500 132 3 34 116 545 41 546 5 #
132: 16 16 16 16 #
133: #
134: #
135: #
136: #
137: #
138: #
139: #
140: #
141: #
142: #
143: 533 500 3 #
144: 3 #
145: #
146: #
147: #
148: 146 149 31 150 114 114 114 115 115 115 16 112 113 151 3 152 152 90 35 153 154 154 116 117 117 117 120 #
149: 731 801 3 802 732 #
150: 548 604 500 3 422 #
151: 728 3 #
152: 18 18 155 3 153 149 156 114 114 114 114 114 114 19 19 19 19 19 19 20 20 31 157 88 21 21 21 21 21 21 35 158 #
153: #
154: #
155: #
156: 3 526 737 #
157: 3 #
158: #
159: 16 16 16 16 16 16 16 16 16 160 160 160 160 161 162 163 163 3 3 75 26 164 165 166 166 167 168 169 170 171 171 171 171 #
160: 493 493 1130 500 500 500 500 500 500 500 376 2 519 756 225 16 16 16 16 16 16 16 163 163 1370 1370 1370 1370 1370 505 632 632 90 122 122 1029 454 454 3 319 112 179 292 633 633 166 166 837 227 116 494 494 62 1306 1306 893 506 523 521 5 #
161: 711 16 16 16 16 16 16 16 16 16 16 16 16 16 16 16 16 16 16 16 16 16 16 16 16 75 75 75 75 75 75 75 75 75 984 554 554 554 554 554 554 554 554 827 514 514 148 101 985 206 206 206 983 983 983 983 205 478 478 478 986 987 1163 686 1164 988 988 788 50 50 50 748 807 807 789 174 1117 1038 1165 1166 904 1148 160 708 1167 1168 339 226 74 173 756 520 125 3 1096 1129 1003 1126 749 884 105 76 993 210 1169 764 764 579 211 211 211 228 1170 1170 1170 1170 1171 995 996 996 996 997 997 1039 171 1172 583 583 583 893 177 937 1043 524 1001 1002 532 532 532 532 532 532 532 532 977 977 #
162: #
163: 16 355 3 358 #
164: 201 3 202 #
165: 1230 3 1231 #
166: #
167: #
168: #
169: #
170: #
171: #
172: 16 16 173 174 175 3 176 177 #
173: 556 3 #
174: 511 3 145 #
175: 1386 16 16 16 3 1377 #
176: #
177: #
178: 31 179 3 35 #
179: 533 88 3 #
180: 69 3 70 #
181: 16 16 16 16 16 16 182 183 183 184 184 185 186 187 187 188 188 3 189 189 190 190 191 191 192 193 194 195 195 #
182: 16 16 329 187 188 3 189 195 330 #
183: 638 464 328 3 375 871 #
184: 148 3 579 #
185: 16 16 183 187 188 3 189 191 195 #
186: 16 16 16 16 16 16 16 263 263 740 740 183 188 188 188 185 187 187 3 189 189 189 191 265 265 193 741 741 195 195 #
187: 16 16 16 16 16 16 16 16 16 #
188: 223 3 322 #
189: #
190: #
191: #
192: #
193: #
194: #
195: #
196: 3 #
197: #
198: #
199: #
200: 16 16 16 16 16 16 16 16 163 3 166 #
201: 821 3 823 #
202: #
203: 16 204 74 205 206 102 103 207 3 208 209 76 210 106 211 107 #
204: 1053 16 16 3 775 #
205: 3 858 859 #
206: 325 149 114 3 153 326 #
207: 251 16 16 16 16 16 16 16 16 16 252 #
208: #
209: #
210: #
211: #
212: #
213: 16 65 65 214 215 216 216 216 216 216 216 216 217 217 3 218 218 218 218 218 218 218 219 220 221 221 222 222 #
214: 16 16 16 16 3 66 67 #
215: 16 3 #
216: 16 16 382 3 383 #
217: 16 966 3 1097 #
218: #
219: #
220: #
221: #
222: #
223: 112 113 3 116 120 #
224: 75 75 74 113 16 139 225 226 3 76 227 228 120 #
225: 325 88 3 326 #
226: 325 114 3 326 #
227: #
228: #
229: 16 204 74 102 103 3 208 76 106 107 #
230: #
231: 355 16 16 16 16 2 2 179 90 90 90 90 122 149 1020 359 500 500 1029 132 319 3 358 153 837 198 41 5 5 #
232: 2 2 310 308 1214 16 16 16 16 16 1067 3 1215 1068 311 312 5 5 #
233: #
234: #
235: 236 16 16 16 44 44 44 44 44 237 #
236: 44 44 44 44 44 #
237: #
238: 16 74 3 76 #
239: 3 #
240: 112 241 242 243 16 16 3 244 116 245 #
241: 3 122 90 87 456 16 457 458 #
242: 1111 16 3 1112 #
243: 90 114 16 3 #
244: #
245: #
246: 84 126 16 3 86 #
247: #
248: #
249: #
250: #
251: #
252: 614 89 3 617 #
253: 16 16 16 16 69 66 3 70 67 #
254: #
255: #
256: #
257: 112 122 116 258 90 259 3 #
258: #
259: 16 16 89 89 90 51 91 1101 32 3 53 88 34 327 94 #
260: 3 16 16 16 16 16 16 16 16 16 16 182 187 187 187 187 261 262 262 188 188 188 188 188 263 263 195 195 195 195 264 189 189 189 189 189 265 265 192 266 266 #
261: 1059 3 453 #
262: 16 16 16 16 16 16 16 188 188 188 188 188 3 3 263 263 263 44 187 187 187 187 1293 1293 195 195 195 195 189 189 189 189 189 265 265 265 653 653 #
263: 638 328 3 375 #
264: #
265: #
266: #
267: #
268: 16 269 3 #
269: 533 500 3 #
270: 156 149 91 16 114 89 3 153 158 94 #
271: 3 #
272: 273 102 97 16 101 103 274 3 105 106 275 107 #
273: #
274: 57 3 729 #
275: #
276: #
277: 278 3 279 #
278: 731 3 3 155 732 #
279: #
280: #
281: #
282: 283 3 284 #
283: 359 2 2 16 16 16 16 16 16 112 179 122 376 292 66 518 518 518 518 519 225 226 520 520 3 521 227 116 228 522 522 522 522 523 5 5 524 524 67 #
284: #
285: #
286: 287 288 3 289 290 #
287: 112 179 359 2 16 16 16 66 66 226 288 3 116 228 289 5 67 67 #
288: 235 16 3 578 #
289: #
290: #
291: 112 179 122 122 3 3 292 288 293 294 116 289 #
292: 90 90 3 #
293: 112 292 2 3 3 3 90 90 122 122 179 598 598 500 500 500 500 519 519 587 319 1114 116 589 523 523 5 #
294: #
295: #
296: 16 16 16 16 16 16 16 16 16 16 297 298 299 37 3 300 7 7 301 302 302 303 304 305 306 #
297: 3 16 384 396 386 415 416 417 #
298: 16 16 16 3 163 165 165 166 169 169 #
299: 38 3 39 #
300: 3 39 38 #
301: #
302: #
303: #
304: #
305: #
306: #
307: 308 309 310 44 3 311 312 313 #
308: 84 88 16 3 86 #
309: 84 149 16 3 153 86 #
310: 84 114 16 3 86 #
311: #
312: #
313: #
314: 16 204 74 103 104 3 208 76 107 108 #
315: #
316: 16 75 3 #
317: 34 3 3 114 88 16 179 32 #
318: 319 112 179 31 32 3 116 34 35 #
319: 3 #
320: 3 151 151 151 151 151 151 151 144 79 #
321: #
322: #
323: #
324: 155 325 3 326 #
325: 112 614 830 114 558 558 1120 126 853 89 79 3 116 1121 559 559 617 831 #
326: #
327: #
328: 112 113 115 115 114 3 116 117 117 120 #
329: 16 16 16 16 263 187 187 1268 1177 188 188 3 189 189 265 195 195 1269 142 #
330: #
331: 332 3 333 #
332: 821 1190 561 16 3 982 1085 823 #
333: #
334: #
335: 112 113 115 115 114 143 3 116 117 117 120 #
336: 16 16 173 174 175 3 176 177 #
337: #
338: #
339: 16 3 #
340: #
341: 241 342 3 343 245 #
342: 112 90 90 90 90 359 2 500 16 16 16 16 16 16 16 16 16 16 16 16 16 16 16 16 16 16 143 1031 706 520 520 520 226 1032 121 3 1033 1034 116 228 470 5 524 524 524 #
343: #
344: 3 #
345: #
346: 221 221 221 221 347 348 3 217 349 215 214 65 65 65 65 219 350 220 351 352 222 #
347: 16 65 65 1136 3 221 221 1137 #
348: 218 218 218 218 218 218 218 218 218 218 218 218 218 218 218 65 65 65 65 65 65 65 65 65 65 65 65 65 65 214 214 215 215 217 217 216 216 216 216 216 216 216 216 216 216 216 216 216 216 216 488 3 219 219 36 220 220 221 221 221 221 221 221 221 221 221 221 221 221 221 221 222 222 #
349: 16 16 69 3 70 #
350: #
351: #
352: #
353: #
354: 16 16 16 16 66 66 355 355 356 356 357 357 3 358 358 112 179 359 2 360 360 116 361 361 5 67 67 #
355: 90 3 #
356: 291 293 16 3 294 1249 #
357: 841 33 3 30 #
358: #
359: 90 3 #
360: #
361: #
362: 218 218 218 218 218 218 218 218 65 65 214 214 214 214 215 216 216 216 216 216 216 216 216 217 3 219 220 220 220 220 221 221 222 #
363: #
364: 44 44 44 288 51 3 53 289 #
365: 16 65 65 366 3 221 221 367 #
366: 16 16 69 66 3 70 67 #
367: #
368: 2 3 5 #
369: #
370: #
371: 372 3 373 #
372: 614 112 179 79 615 3 116 616 617 #
373: #
374: 3 #
375: #
376: 112 32 178 3 34 377 116 #
377: #
378: 3 #
379: #
380: #
381: 3 #
382: 843 604 3 1028 422 #
383: #
384: 2 3 5 #
385: 159 161 386 387 26 388 389 390 163 163 163 163 391 392 74 74 74 74 16 16 393 394 164 395 384 396 397 398 399 400 401 402 403 75 3 167 404 405 406 407 408 409 410 411 412 168 413 414 76 76 76 76 415 416 417 166 166 166 166 323 418 419 170 420 421 #
386: 2 2 2 16 16 3 5 5 5 #
387: 1055 3 22 #
388: 16 74 3 76 #
389: 16 74 3 76 #
390: 16 74 3 76 #
391: 16 74 3 76 #
392: 180 3 1061 #
393: 16 74 164 164 761 761 644 644 3 168 168 76 762 762 666 666 #
394: 161 161 161 161 3 3 16 162 170 170 170 170 #
395: 16 16 16 16 16 16 16 16 16 16 16 #
396: 2 2 16 16 3 5 5 #
397: 1055 3 22 #
398: 16 74 3 76 #
399: 16 74 3 76 #
400: 16 74 3 76 #
401: 762 762 16 74 74 74 164 164 761 761 644 644 3 168 168 666 666 76 76 76 #
402: 180 3 1061 #
403: 1055 3 22 #
404: #
405: #
406: #
407: #
408: #
409: #
410: #
411: #
412: #
413: #
414: #
415: #
416: #
417: #
418: #
419: #
420: #
421: #
422: #
423: 151 3 #
424: 113 271 3 74 16 16 16 73 76 120 #
425: #
426: 16 427 428 429 430 431 213 432 433 434 3 435 436 437 438 439 440 441 442 443 #
427: 16 65 65 65 214 214 215 215 216 216 216 216 216 216 216 217 217 3 221 221 221 218 218 218 218 218 218 218 219 219 220 220 222 222 #
428: 218 218 218 218 218 218 218 218 218 218 65 65 65 65 16 214 214 215 215 217 217 216 216 216 216 216 216 216 216 216 216 3 219 219 220 220 221 221 221 221 222 222 #
429: 218 218 218 218 218 218 218 16 65 65 214 215 216 216 216 216 216 216 216 217 3 219 220 221 221 222 #
430: 218 218 218 218 218 218 3 16 65 214 215 216 216 216 216 216 216 217 219 220 221 222 #
431: 218 218 218 218 218 218 218 16 65 65 214 215 216 216 216 216 216 216 216 217 3 219 220 221 221 222 #
432: 3 16 65 214 215 216 216 216 216 216 216 217 218 218 218 218 218 218 219 220 221 222 #
433: 16 65 65 214 215 216 216 216 216 216 216 216 217 3 218 218 218 218 218 218 218 219 220 221 221 222 #
434: 218 218 218 218 218 218 218 218 218 218 3 16 65 65 65 65 65 214 215 216 216 216 216 216 216 216 216 216 216 217 219 220 221 221 221 221 221 222 #
435: #
436: #
437: #
438: #
439: #
440: #
441: #
442: #
443: #
444: 16 445 3 #
445: #
446: 3 #
447: 16 3 #
448: 16 1 293 319 3 294 4 #
449: 112 122 114 3 116 #
450: #
451: #
452: #
453: #
454: 16 3 #
455: 90 90 122 122 87 456 3 457 458 #
456: 16 16 16 822 822 90 3 #
457: #
458: #
459: #
460: 2 3 5 #
461: #
462: 463 3 40 #
463: 225 206 206 520 288 500 598 252 16 16 16 16 16 16 16 3 359 2 2 112 179 122 376 292 66 519 67 521 251 227 116 211 211 289 523 5 5 524 #
464: 114 114 114 115 115 16 112 113 151 152 152 90 149 31 3 35 153 154 154 116 117 117 120 #
465: 16 16 173 174 175 3 176 177 #
466: #
467: 468 3 469 #
468: 16 16 205 206 869 319 3 210 211 870 #
469: #
470: #
471: 3 #
472: 90 149 473 3 153 #
473: 3 #
474: 475 3 476 #
475: 576 3 577 #
476: #
477: #
478: 479 3 480 #
479: 500 518 518 518 518 3 112 179 359 2 2 16 16 16 16 493 116 494 522 522 522 522 5 5 #
480: #
481: #
482: #
483: 16 16 16 16 16 75 3 #
484: 16 16 16 16 16 16 16 16 16 16 16 485 485 485 3 486 486 486 #
485: 122 570 3 575 #
486: #
487: 16 445 #
488: 16 3 65 65 366 221 221 367 #
489: 490 310 309 3 491 312 313 #
490: 858 16 3 859 #
491: #
492: 493 114 90 3 494 #
493: 16 90 2 310 310 308 3 311 312 312 5 #
494: #
495: #
496: #
497: #
498: 179 2 499 499 500 500 500 500 500 500 500 500 500 226 226 226 226 225 225 501 356 16 16 16 3 112 359 502 502 227 227 503 116 228 228 228 228 361 5 #
499: 131 3 134 #
500: 16 16 445 #
501: 325 157 3 326 #
502: #
503: #
504: 505 3 506 #
505: 8 3 10 #
506: #
507: 278 3 279 #
508: #
509: 122 3 #
510: #
511: 16 512 512 3 513 513 #
512: 1007 1007 112 179 122 122 3 3 376 292 2 2 2 319 319 319 500 500 500 500 500 500 500 500 359 90 241 1008 636 798 614 614 614 13 13 13 226 1032 1006 16 910 519 598 1033 116 228 267 1009 1010 617 617 617 245 369 523 521 5 5 5 14 14 14 #
513: #
514: 515 3 516 #
515: 1155 16 16 16 16 16 112 179 359 2 206 319 3 116 211 964 5 #
516: #
517: #
518: 869 3 870 #
519: 112 32 31 3 34 35 116 #
520: 1352 3 635 #
521: #
522: #
523: #
524: #
525: #
526: 527 528 155 155 16 3 529 #
527: 155 3 #
528: 3 1109 1119 669 1120 1121 670 #
529: #
530: #
531: #
532: #
533: 155 155 3 #
534: #
535: #
536: 537 3 538 #
537: 16 16 16 16 112 179 359 2 2 66 66 493 500 3 116 494 5 5 67 67 #
538: #
539: 540 16 3 541 #
540: 975 976 3 370 #
541: #
542: #
543: 112 90 90 241 760 16 3 116 695 245 #
544: 112 179 3 569 2 717 292 718 116 719 720 5 #
545: #
546: #
547: #
548: 155 155 3 #
549: #
550: 551 455 552 3 138 #
551: #
552: #
553: 16 204 554 554 74 555 555 102 103 3 208 76 106 107 532 532 #
554: 566 3 567 #
555: 16 16 16 16 16 16 16 16 16 16 #
556: 1212 1212 3 #
557: 16 16 16 205 206 558 101 3 105 210 211 559 #
558: 146 113 152 152 115 115 115 114 114 90 149 31 150 3 35 153 154 154 117 117 117 120 #
559: #
560: 16 3 #
561: 310 308 16 3 312 311 #
562: 16 16 16 16 16 16 16 16 16 16 16 16 16 16 16 16 16 16 #
563: #
564: 3 #
565: 112 179 359 2 16 16 16 16 16 566 3 116 567 5 #
566: 16 16 16 16 16 112 179 359 2 1197 1197 206 206 206 319 3 116 211 211 211 42 42 5 #
567: #
568: 3 3 3 3 88 114 122 569 570 2 310 308 571 16 16 572 573 574 311 312 575 5 #
569: 90 3 #
570: 245 3 90 828 241 280 #
571: 34 34 34 34 34 34 34 34 34 3 156 149 114 32 32 32 32 32 32 32 32 32 143 1159 16 490 490 490 490 490 490 490 490 309 309 309 309 309 309 309 309 309 1229 310 310 310 310 310 310 310 310 153 158 1094 1160 491 491 491 491 491 491 491 491 312 312 312 312 312 312 312 312 313 313 313 313 313 313 313 313 313 #
572: 309 309 309 309 309 309 309 309 16 16 16 16 16 16 816 359 2 2 2 44 44 603 817 817 817 818 3 530 313 313 313 313 313 313 313 313 5 5 5 #
573: #
574: #
575: #
576: 57 3 729 #
577: #
578: #
579: #
580: 269 3 #
581: #
582: 273 97 16 204 478 478 103 274 3 208 275 107 583 583 #
583: #
584: 112 122 122 570 570 585 586 568 587 500 3 588 116 589 590 450 575 575 #
585: 1360 156 149 604 3 422 153 158 6 #
586: 3 3 88 114 114 569 16 319 149 149 2 2 2 2 310 310 310 308 309 309 359 817 1336 604 422 153 153 311 312 312 312 313 313 5 5 5 5 #
587: 500 500 500 500 500 500 500 500 500 500 500 500 500 500 500 1303 357 360 122 1029 226 226 226 226 1032 1032 325 252 3 837 1033 1033 228 228 228 228 326 1257 251 #
588: #
589: #
590: #
591: 199 199 199 16 16 16 16 16 16 16 295 295 295 295 75 75 75 3 #
592: 16 65 65 366 3 221 221 367 #
593: 594 16 16 16 16 16 16 16 16 16 16 75 595 3 3 288 163 596 109 597 598 206 558 166 599 600 211 289 601 334 559 602 #
594: 248 16 16 16 16 16 16 16 206 558 3 226 226 225 74 74 815 163 335 175 176 76 76 166 227 211 228 228 559 768 #
595: 403 175 175 175 175 175 175 175 175 387 165 165 165 401 397 163 163 163 393 164 16 478 75 3 404 412 168 176 176 176 176 176 176 176 176 166 166 166 418 169 169 169 419 583 421 #
596: 335 3 768 #
597: 847 847 175 175 16 16 16 16 16 16 16 16 3 75 176 176 82 82 #
598: 16 1142 3 #
599: #
600: #
601: #
602: #
603: 422 84 157 604 88 3 86 #
604: 278 500 3 279 #
605: 65 65 65 214 217 215 606 365 592 3 607 219 608 220 221 221 221 222 212 #
606: 16 65 65 366 3 221 221 367 #
607: #
608: #
609: 16 16 16 16 70 69 66 3 67 #
610: 16 204 74 102 103 3 208 76 106 107 #
611: #
612: 455 3 138 #
613: #
614: 113 271 628 156 149 115 90 155 3 153 629 158 117 120 #
615: 113 558 3 559 120 #
616: #
617: #
618: #
619: 16 16 16 16 16 75 3 #
620: 16 16 16 16 16 16 16 16 385 596 75 162 3 599 621 #
621: #
622: 623 3 #
623: 122 3 #
624: 16 16 16 16 16 16 16 3 3 149 149 149 149 149 156 156 156 156 156 114 625 51 44 626 627 628 153 153 153 153 153 629 517 158 158 158 158 158 630 53 #
625: 16 16 3 #
626: 16 16 16 16 344 344 344 3 149 149 149 625 625 625 625 625 625 114 114 114 156 156 156 153 153 153 158 158 158 #
627: 16 16 16 16 16 16 16 16 16 16 16 16 16 16 16 830 830 830 830 830 830 830 830 830 830 830 830 830 830 3 155 155 155 88 18 20 831 831 831 831 831 831 831 831 831 831 831 831 831 831 #
628: 156 149 114 3 153 158 #
629: #
630: #
631: 505 632 3 633 506 #
632: 9 3 11 #
633: #
634: 16 74 3 76 #
635: #
636: 548 637 638 639 640 3 641 642 643 #
637: 278 638 640 500 3 279 642 #
638: 16 #
639: 3 #
640: 638 731 500 155 3 732 #
641: #
642: #
643: #
644: 44 74 3 76 #
645: 3 16 646 647 648 649 618 547 #
646: 222 803 65 65 65 65 214 215 217 804 805 3 806 219 220 221 221 221 221 #
647: 65 65 65 65 65 65 65 65 65 65 65 215 217 3 214 219 220 221 221 221 221 221 221 221 221 221 221 221 222 #
648: 218 218 218 218 218 218 218 218 218 218 218 218 218 218 218 218 218 488 215 216 216 216 216 216 216 216 216 216 216 216 216 216 216 216 216 216 65 65 65 65 65 65 65 65 65 65 65 214 217 3 219 36 220 221 221 221 221 221 221 221 221 221 221 221 222 #
649: #
650: 3 16 1142 #
651: #
652: 112 292 179 2 16 3 116 5 #
653: #
654: #
655: #
656: 657 657 658 155 155 659 3 660 661 661 #
657: 1109 1119 235 1120 527 3 1121 578 #
658: #
659: 156 156 156 149 149 149 155 3 158 158 158 153 153 153 #
660: #
661: #
662: #
663: 664 3 665 #
664: 112 2 910 16 16 16 16 821 544 500 132 3 116 545 41 823 369 5 #
665: #
666: #
667: 632 3 633 #
668: 16 16 16 16 155 155 669 3 670 #
669: 51 3 53 #
670: #
671: 271 113 3 120 #
672: 673 3 674 #
673: 179 359 2 2 112 122 376 292 16 16 16 16 16 16 66 519 225 225 226 3 67 521 227 227 116 228 523 5 5 #
674: #
675: 16 16 16 16 16 16 16 #
676: #
677: #
678: 16 204 74 74 74 103 104 3 208 76 76 76 107 108 #
679: #
680: 3 65 681 221 682 #
681: 861 484 862 604 3 422 864 #
682: #
683: 533 684 684 500 3 685 685 #
684: 288 16 3 289 #
685: #
686: 225 226 206 3 228 227 211 #
687: #
688: 16 #
689: 1 2 3 4 5 #
690: #
691: 548 507 3 692 #
692: #
693: #
694: 44 #
695: #
696: #
697: 44 #
698: 16 3 #
699: 3 #
700: 650 650 3 #
701: 16 16 112 113 3 116 120 #
702: 16 16 16 16 16 703 75 75 74 174 174 3 76 704 177 177 #
703: 16 16 16 16 16 101 101 175 175 3 475 475 176 176 105 105 476 476 #
704: #
705: 44 288 289 #
706: 3 #
707: #
708: 709 3 677 #
709: 1095 3 337 #
710: 16 3 #
711: #
712: 713 3 714 #
713: 598 3 16 16 500 500 500 500 500 500 500 500 500 112 179 359 2 816 288 66 66 226 226 226 226 225 225 501 356 227 227 503 116 228 228 228 228 361 289 5 67 67 #
714: #
715: #
716: #
717: 90 122 310 310 308 2 2 2 359 16 16 16 16 3 311 312 312 5 5 5 #
718: 112 292 484 3 116 864 #
719: #
720: #
721: 44 288 289 #
722: 44 44 44 44 44 44 44 3 3 16 16 16 16 132 508 508 41 #
723: #
724: 725 16 726 3 #
725: #
726: 112 1047 3 116 #
727: 728 3 #
728: 3 3 155 #
729: #
730: 156 149 69 16 16 66 66 490 309 518 84 3 153 158 491 313 70 86 522 67 67 #
731: 1036 3 945 #
732: #
733: 199 199 199 16 16 16 16 16 16 16 295 295 295 295 75 75 75 3 #
734: 16 75 3 #
735: #
736: 3 3 114 88 16 16 16 16 179 32 34 #
737: #
738: 223 3 322 #
739: 84 16 155 3 86 #
740: 16 944 1177 1177 1177 1177 738 3 1178 1179 142 142 142 142 #
741: #
742: 16 8 9 3 10 11 #
743: 74 74 74 113 75 75 75 75 16 16 16 271 3 3 174 744 745 746 747 478 748 749 750 76 76 76 751 752 583 177 120 753 #
744: 748 748 65 65 65 214 215 217 205 2 204 74 638 638 869 464 464 554 554 554 75 174 16 3 749 749 219 208 76 210 220 221 221 221 870 222 871 871 177 5 532 532 532 #
745: 2 2 2 231 1 869 16 16 490 3 491 4 870 233 5 5 5 #
746: 16 16 1025 3 1026 #
747: 16 16 16 69 946 73 3 947 70 #
748: 112 53 19 1072 114 122 51 32 18 1079 3 20 34 21 655 1312 116 #
749: #
750: #
751: #
752: #
753: #
754: 146 325 157 150 3 326 #
755: 16 16 173 174 175 3 176 177 #
756: 358 355 112 113 271 115 3 116 117 120 #
757: 44 #
758: 162 596 3 595 594 16 16 16 163 166 599 334 602 #
759: 1 3 4 #
760: 115 115 114 31 16 3 35 117 117 #
761: 44 74 3 76 #
762: #
763: 3 #
764: #
765: 16 16 16 16 16 16 16 225 766 335 335 767 767 75 385 595 74 3 3 76 227 340 340 768 768 621 602 #
766: 3 16 #
767: 325 157 143 3 326 #
768: #
769: #
770: 16 3 #
771: #
772: 376 3 521 #
773: 612 3 774 #
774: #
775: #
776: 2 2 1 3 4 5 5 #
777: #
778: 44 #
779: 16 780 605 781 782 592 783 784 785 786 787 362 426 788 3 789 608 525 790 791 792 793 794 795 #
780: 214 214 16 16 3 220 220 #
781: 65 65 65 65 214 606 215 217 3 219 220 221 221 221 221 222 212 #
782: 65 65 214 365 215 216 216 216 216 216 216 216 217 3 218 218 218 218 218 218 218 219 220 221 221 222 607 #
783: #
784: #
785: 214 215 217 942 3 943 219 220 222 #
786: 218 218 218 218 65 65 214 215 216 216 216 216 217 898 3 219 220 221 221 222 #
787: 218 218 218 218 65 65 214 215 216 216 216 216 217 898 3 219 220 221 221 222 #
788: 16 902 3 903 #
789: #
790: #
791: #
792: #
793: #
794: #
795: #
796: 112 122 3 116 #
797: 728 3 #
798: 16 638 598 3 #
799: #
800: #
801: 16 16 155 155 1036 3 945 #
802: #
803: #
804: 16 65 65 366 3 221 221 367 #
805: 16 65 65 366 3 221 221 367 #
806: #
807: 16 16 173 176 177 3 174 175 #
808: 3 #
809: 810 16 16 2 2 2 66 66 66 66 66 66 66 112 90 90 241 241 518 811 811 812 3 116 534 534 249 522 245 245 5 5 5 67 67 67 67 67 67 67 #
810: 69 66 16 16 3 70 67 #
811: 112 90 1090 1254 3 197 116 495 #
812: 3 #
813: #
814: 16 16 3 #
815: 16 16 16 3 75 226 163 74 225 252 206 335 76 166 227 211 228 768 251 #
816: 90 3 #
817: 16 16 16 #
818: 122 3 #
819: #
820: 112 821 16 16 822 822 90 3 116 823 #
821: 112 292 3 116 #
822: 533 3 #
823: #
824: 473 16 16 288 288 668 668 668 668 668 668 650 3 598 598 825 825 825 825 825 825 289 289 #
825: #
826: #
827: #
828: 16 16 16 16 241 1217 1159 310 245 3 835 1299 836 1160 312 #
829: 16 3 #
830: 91 853 16 144 3 90 90 854 114 855 94 #
831: #
832: 833 3 230 #
833: 16 16 16 16 16 16 112 179 359 2 2 663 663 663 663 493 500 3 116 494 5 5 1240 1240 1240 1240 #
834: 835 16 16 16 241 3 836 245 #
835: 20 20 20 20 90 88 16 16 241 122 44 19 19 19 507 507 1072 18 18 18 18 691 51 32 1284 3 34 1285 21 21 21 692 692 655 1018 53 245 #
836: #
837: #
838: 16 16 16 16 #
839: 3 #
840: 728 3 #
841: 533 3 #
842: 3 #
843: 3 3 604 604 604 422 422 422 #
844: #
845: #
846: 847 16 16 16 165 387 3 169 419 82 #
847: 112 112 90 90 3 116 116 #
848: 849 3 850 #
849: 866 16 16 16 16 16 16 16 16 16 16 16 16 16 16 16 16 16 66 19 19 19 19 19 19 507 507 507 1072 1072 1072 18 18 518 869 869 869 869 869 869 869 869 869 869 869 869 869 869 869 869 869 869 869 869 869 869 869 869 869 869 869 319 319 319 319 319 319 319 319 319 319 319 319 319 1 1 1 1 1 1 231 231 231 57 57 57 57 93 93 90 9 9 8 569 1125 1040 3 20 20 21 21 21 21 21 21 692 692 692 655 655 655 729 729 729 729 10 452 4 4 4 4 4 4 654 870 870 870 870 870 870 870 870 870 870 870 870 870 870 870 870 870 870 870 870 870 870 870 870 870 870 870 233 233 233 867 522 11 11 67 #
850: #
851: 16 16 173 174 175 3 176 177 #
852: 315 #
853: 3 #
854: 1119 669 1120 3 1121 670 #
855: #
856: 16 16 16 16 16 75 3 #
857: #
858: 112 628 748 1199 156 156 149 148 114 31 18 3 20 749 35 153 629 158 158 579 116 1180 #
859: #
860: 861 862 484 200 359 2 2 493 640 640 640 640 604 604 679 863 3 422 422 642 642 642 642 379 864 494 5 5 #
861: #
862: 90 2 2 2 2 2 2 2 2 2 310 310 308 359 359 359 359 359 359 16 3 311 312 312 5 5 5 5 5 5 5 5 5 #
863: #
864: #
865: 51 866 16 3 53 867 #
866: 276 51 156 156 156 156 156 156 156 156 156 156 156 156 156 156 156 156 156 156 156 156 156 156 149 149 149 149 149 149 149 149 149 149 149 149 149 149 149 149 149 149 149 149 149 149 114 628 3 53 18 155 155 155 155 20 153 153 153 153 153 153 153 153 153 153 153 153 153 153 153 153 153 153 153 153 153 153 629 158 158 158 158 158 158 158 158 158 158 158 158 158 158 158 158 158 158 158 158 158 158 #
867: #
868: 639 3 643 #
869: 1020 355 16 16 16 16 16 16 16 16 112 112 2 2 910 32 543 319 319 179 90 90 90 90 122 359 500 500 500 500 500 500 1008 684 132 3 358 34 116 116 198 41 546 1010 685 369 5 5 #
870: #
871: #
872: #
873: 874 335 3 125 125 125 125 125 125 162 162 597 597 597 875 620 16 16 16 16 16 16 16 16 16 16 16 16 16 16 16 16 16 16 16 16 16 16 16 16 16 16 16 16 16 16 16 16 16 16 16 16 16 16 16 16 16 16 16 16 16 16 16 708 724 724 724 808 808 808 296 876 877 877 878 75 75 75 75 596 756 225 593 879 880 880 881 881 824 174 174 174 163 224 882 758 883 884 166 885 885 885 599 227 886 887 888 889 601 601 601 890 890 891 892 510 768 893 177 177 177 497 894 #
874: 16 139 74 3 76 #
875: 1309 968 16 16 346 113 1233 0 1310 708 702 1311 3 285 884 1307 1248 135 56 1281 1216 120 819 #
876: 969 969 969 969 969 969 969 969 969 969 969 969 570 570 570 570 570 570 570 570 570 570 570 570 3 872 872 872 872 872 872 872 872 872 872 872 872 575 575 575 575 575 575 575 575 575 575 575 575 #
877: 75 973 973 973 973 973 972 972 972 972 972 471 3 163 163 16 16 16 16 16 16 16 16 16 16 16 16 16 1087 596 847 847 174 174 174 174 26 1088 167 166 166 599 82 82 1089 177 177 177 177 #
878: 385 595 335 335 3 3 16 16 16 16 74 766 163 163 76 166 166 768 768 621 602 #
879: #
880: #
881: 162 162 162 162 162 162 162 162 162 162 162 162 162 162 162 162 162 162 162 162 162 596 911 392 392 392 912 16 16 16 16 16 16 16 16 16 913 557 75 75 75 75 74 474 914 914 914 914 100 915 916 272 917 918 553 203 610 226 3 451 451 451 451 919 413 413 413 76 920 599 228 921 922 923 924 531 845 676 925 926 927 #
882: 113 16 16 139 74 271 3 76 120 #
883: #
884: #
885: #
886: #
887: #
888: #
889: #
890: #
891: #
892: #
893: #
894: #
895: 896 3 581 #
896: 355 16 16 16 16 16 179 122 32 32 32 205 206 226 869 869 319 319 319 31 31 3 34 34 34 35 35 210 211 228 358 870 870 #
897: 16 75 3 #
898: 16 829 3 #
899: 3 #
900: 16 16 16 16 16 16 16 16 16 16 #
901: 598 3 #
902: 221 221 221 221 221 221 221 221 221 221 221 221 221 221 221 221 221 221 221 221 221 221 221 221 221 221 221 221 221 221 221 221 221 221 221 221 221 221 221 221 221 16 215 215 215 65 65 65 65 65 65 65 65 65 65 65 65 65 65 65 65 65 65 65 65 65 65 65 65 65 65 65 65 65 65 65 65 65 65 65 65 65 65 65 65 65 214 214 214 214 214 217 217 217 3 1147 219 219 219 220 220 220 220 220 222 222 222 #
903: #
904: 604 3 422 #
905: 16 604 3 422 #
906: 16 75 3 #
907: #
908: 569 231 231 580 3 233 233 #
909: 112 821 90 241 2 910 811 3 369 116 534 823 245 5 #
910: 112 90 90 241 31 16 3 35 116 245 #
911: 162 162 162 74 335 1295 16 16 75 75 3 76 1374 768 #
912: 16 204 554 554 74 1261 1261 102 103 3 208 76 106 107 532 532 #
913: #
914: 44 101 3 105 #
915: 2 2 2 776 3 5 5 5 1316 #
916: 16 101 102 103 3 106 105 107 #
917: 16 204 554 554 74 1213 75 102 103 3 208 76 106 107 532 532 #
918: 16 204 554 514 514 74 900 900 102 103 3 208 76 106 107 532 977 977 #
919: #
920: #
921: #
922: #
923: #
924: #
925: #
926: #
927: #
928: 3 #
929: #
930: 16 16 16 263 263 187 187 3 265 265 195 195 #
931: #
932: 51 3 53 #
933: #
934: 112 292 179 122 122 32 31 2 935 598 3 34 35 116 936 5 #
935: 355 16 16 112 821 90 241 2 910 342 811 3 116 358 534 343 823 245 369 5 #
936: #
937: #
938: 3 112 90 122 116 #
939: 650 3 51 44 53 #
940: #
941: #
942: 16 1354 3 363 #
943: #
944: 328 3 375 #
945: #
946: 1207 69 3 70 1208 #
947: #
948: 16 3 #
949: 3 #
950: 44 #
951: 16 204 74 103 104 3 208 76 107 108 #
952: 3 #
953: #
954: 16 16 16 16 112 179 359 2 518 518 356 3 116 361 522 522 5 #
955: 16 3 #
956: 957 356 16 3 662 361 #
957: 512 512 3 513 513 #
958: 65 959 3 221 857 #
959: 861 862 484 359 2 2 640 16 16 16 604 604 679 863 3 422 422 642 864 5 5 #
960: 961 3 962 #
961: 359 2 2 16 16 16 16 16 16 16 16 16 112 179 122 376 292 66 519 225 226 520 3 227 116 228 523 521 5 5 524 67 #
962: #
963: 16 16 16 16 16 16 16 16 #
964: #
965: 332 3 333 #
966: 586 586 568 568 3 590 590 450 450 #
967: 278 3 279 #
968: 3 743 969 970 779 424 872 941 844 #
969: 1050 3 716 #
970: #
971: 972 973 974 16 16 3 77 #
972: #
973: 163 1082 3 166 1083 #
974: 501 501 501 226 226 226 122 376 292 2 2 16 16 16 16 66 66 66 519 225 225 3 112 179 359 227 227 503 503 503 116 228 228 228 523 521 5 5 67 67 67 #
975: 51 1109 1109 1109 16 155 656 3 53 1260 #
976: 3 #
977: #
978: 16 16 173 174 175 3 176 177 #
979: 112 122 3 116 #
980: 2 3 5 #
981: 174 175 3 16 16 173 176 177 #
982: #
983: 972 174 174 16 16 16 16 16 16 16 16 16 16 16 16 16 16 16 16 16 16 16 16 16 16 16 16 16 16 16 16 16 16 16 16 16 16 16 16 16 16 16 16 16 16 16 16 16 16 16 16 16 16 16 16 16 16 16 16 16 16 16 16 16 16 16 16 16 16 16 16 16 16 16 16 16 16 16 16 16 16 16 16 16 16 16 75 75 75 75 75 75 75 75 75 75 700 700 700 3 50 50 50 204 204 101 101 478 478 478 478 478 478 478 478 478 478 478 478 478 478 478 478 478 478 478 478 478 478 984 554 554 554 554 554 554 554 554 554 514 514 832 832 832 985 165 165 165 165 165 165 165 165 165 165 165 165 165 165 165 165 165 165 165 165 165 165 165 165 165 165 165 165 165 165 165 165 165 165 206 206 206 205 986 686 987 988 988 748 148 807 598 74 74 973 712 712 712 989 990 990 990 990 971 971 971 971 971 971 672 991 991 991 536 687 852 173 173 901 992 992 992 992 992 960 282 749 208 208 105 105 76 76 993 210 542 542 542 542 338 764 579 929 211 211 211 813 813 813 994 994 994 799 799 799 799 799 799 940 995 996 996 996 997 997 998 169 169 169 169 169 169 169 169 169 169 169 169 169 169 169 169 169 169 169 169 169 169 169 169 169 169 169 169 169 169 169 169 169 169 999 999 999 999 999 1000 1000 1000 583 583 583 583 583 583 583 583 583 583 583 583 583 583 583 583 583 583 583 583 583 583 769 177 177 937 1001 1002 532 532 532 532 532 532 532 532 532 977 977 #
984: 565 3 1416 #
985: 954 3 735 #
986: 205 206 3 210 211 #
987: 1335 3 1339 #
988: 354 3 535 #
989: 287 3 290 #
990: 1116 3 96 #
991: 498 3 345 #
992: 972 973 1157 3 256 #
993: #
994: #
995: #
996: #
997: #
998: #
999: #
1000: #
1001: #
1002: #
1003: #
1004: #
1005: #
1006: 122 122 122 570 570 585 586 568 1007 1007 500 500 500 500 500 2 90 1008 636 3 588 590 450 1009 1010 575 575 5 #
1007: 1259 3 3 268 #
1008: 636 830 1332 1227 3 1030 1009 1333 831 #
1009: #
1010: #
1011: 1012 1013 3 #
1012: #
1013: 2 231 231 231 231 3 233 233 233 233 5 #
1014: 359 2 2 2 16 16 16 16 16 16 16 16 16 112 179 122 376 3 292 66 519 225 226 205 206 206 67 521 210 227 116 211 211 228 523 5 5 5 #
1015: 364 539 976 865 1271 1272 368 16 3 353 1253 1194 1273 1274 1266 #
1016: #
1017: #
1018: #
1019: 112 2 2 2 910 16 16 16 16 16 16 32 543 319 319 90 90 90 90 90 90 90 122 122 1020 1020 359 500 132 3 34 116 198 198 41 546 369 5 5 5 #
1020: 3 179 292 1153 90 1187 #
1021: 3 #
1022: 112 90 90 90 90 90 122 16 16 3 116 #
1023: 44 44 90 2 310 310 308 16 3 311 312 312 5 #
1024: 1025 3 1026 #
1025: 359 1074 90 90 3 1075 #
1026: #
1027: 199 199 295 295 16 3 #
1028: #
1029: 830 683 3 1222 831 #
1030: #
1031: 319 2 1235 66 1236 3 1237 1238 5 67 #
1032: 325 85 3 326 #
1033: #
1034: #
1035: 16 1036 3 945 #
1036: 16 155 669 650 650 3 670 #
1037: 214 1038 3 220 1039 #
1038: 1366 1366 509 1393 310 308 3 1384 1384 1404 311 312 #
1039: #
1040: 310 308 3 311 312 #
1041: 129 3 931 #
1042: 112 113 3 116 120 #
1043: #
1044: 44 #
1045: 18 18 18 3 20 20 20 #
1046: #
1047: 3 #
1048: 16 16 16 16 16 16 16 155 1049 #
1049: 16 16 155 155 #
1050: 550 3 281 #
1051: 2 3 5 #
1052: 16 204 478 57 3 208 729 583 #
1053: 759 3 1277 #
1054: 3 #
1055: 2 1099 1226 3 1174 5 1004 #
1056: 3 #
1057: 16 16 16 16 16 16 16 16 16 16 16 16 16 188 188 188 188 188 188 1058 1058 263 187 187 187 262 3 189 189 189 189 189 189 265 266 195 195 195 707 707 #
1058: 16 109 3 600 #
1059: 112 113 3 116 120 #
1060: 1014 3 461 #
1061: #
1062: 1063 981 3 16 164 634 380 168 1064 #
1063: 16 3 #
1064: #
1065: 2 3 5 #
1066: 358 2 2 2 310 310 310 310 308 16 16 16 16 16 16 16 16 16 16 16 16 309 309 309 1067 1067 355 319 3 1068 1068 311 312 312 312 312 313 313 313 5 5 5 #
1067: 355 16 16 16 16 16 16 16 16 16 16 16 359 2 130 231 1301 132 132 132 3 358 133 1302 41 41 41 233 5 #
1068: #
1069: 84 157 16 3 86 #
1070: 1071 1071 3 613 613 #
1071: 512 112 179 179 179 292 292 292 3 116 513 #
1072: 278 3 279 #
1073: #
1074: 2 3 5 #
1075: #
1076: 16 74 3 76 #
1077: 16 16 1032 3 206 1033 211 #
1078: 1067 3 1068 #
1079: 114 114 114 114 114 114 3 153 153 153 628 149 149 149 156 156 156 156 156 156 156 156 156 156 629 158 158 158 158 158 158 158 158 158 158 #
1080: 332 3 333 #
1081: 276 #
1082: 112 179 122 3 116 #
1083: #
1084: 16 16 16 16 16 75 3 #
1085: #
1086: 16 16 3 #
1087: 3 #
1088: 174 174 174 174 174 174 174 3 165 163 163 16 75 164 393 401 166 166 404 412 168 169 177 177 177 177 177 177 177 #
1089: #
1090: 115 115 115 115 114 114 16 16 16 320 320 320 149 149 18 179 32 500 3 34 20 153 153 117 117 117 117 321 321 321 #
1091: 861 862 821 570 2 3 575 823 5 #
1092: 1093 #
1093: #
1094: #
1095: 112 90 90 122 87 3 116 458 #
1096: 51 51 156 156 156 156 156 114 114 114 114 114 3 158 158 158 158 158 53 53 #
1097: #
1098: 3 #
1099: 182 65 65 65 214 215 217 16 16 16 16 16 16 16 16 16 16 16 2 2 130 231 231 74 910 3 219 76 220 221 221 221 192 133 233 233 222 369 5 5 #
1100: 526 3 737 #
1101: 156 156 156 156 156 156 156 149 149 149 149 149 149 149 830 830 830 830 155 114 114 114 114 114 114 114 85 628 1276 3 153 153 153 153 153 153 153 629 158 158 158 158 158 158 158 147 831 831 831 831 #
1102: 1 1300 319 3 723 4 #
1103: #
1104: 16 16 112 205 90 473 155 155 114 1105 1086 3 210 116 1106 #
1105: 16 235 235 3 578 578 #
1106: #
1107: 16 75 3 #
1108: 1 374 3 4 #
1109: 445 #
1110: 90 122 16 3 #
1111: 114 114 114 44 151 115 115 152 152 90 149 31 16 3 154 154 35 153 117 117 #
1112: #
1113: #
1114: #
1115: 728 500 3 #
1116: 179 122 376 292 2 2 16 16 16 16 66 519 501 225 3 67 521 359 112 227 503 116 523 5 5 #
1117: 149 149 149 149 149 3 153 153 153 153 153 #
1118: 16 3 #
1119: 445 #
1120: 1035 3 1192 1146 #
1121: #
1122: 112 113 115 115 114 3 116 117 117 120 #
1123: #
1124: 3 16 16 16 16 163 74 76 166 #
1125: 310 308 3 311 312 #
1126: #
1127: 3 #
1128: 273 16 97 204 74 103 274 3 208 76 275 107 #
1129: #
1130: 485 16 16 1131 3 486 #
1131: 3 #
1132: #
1133: #
1134: 199 199 295 295 16 3 #
1135: 3 #
1136: 16 16 69 3 70 #
1137: #
1138: 1042 907 #
1139: 16 16 2 231 74 1140 3 76 233 137 5 #
1140: 16 112 650 650 650 650 121 121 754 109 3 470 470 466 116 600 #
1141: 84 196 3 86 #
1142: 16 16 16 445 #
1143: #
1144: 32 31 33 3 34 30 35 #
1145: 16 3 #
1146: #
1147: 16 16 16 16 16 16 16 16 16 16 16 16 16 16 16 16 16 16 16 16 16 16 16 16 16 16 16 16 16 16 16 16 16 16 16 16 16 16 16 16 16 #
1148: 65 860 52 1149 3 221 54 1150 1151 #
1149: 717 484 200 640 640 604 604 3 379 422 422 642 642 864 720 #
1150: #
1151: #
1152: #
1153: 485 16 3 486 #
1154: 16 16 16 16 16 90 90 90 90 90 90 122 122 122 822 822 822 822 822 822 87 87 87 569 569 569 2 2 2 3 112 116 458 458 458 5 5 5 #
1155: 112 179 122 122 376 292 2 2 519 16 16 500 226 225 205 206 3 210 227 116 211 228 523 521 5 5 #
1156: 325 126 3 326 #
1157: 112 179 359 2 16 16 16 66 225 226 226 3 227 116 228 228 5 67 #
1158: 44 3 #
1159: 84 157 143 3 86 #
1160: #
1161: 112 122 3 116 #
1162: 112 122 90 259 3 116 258 #
1163: #
1164: 204 74 16 3 208 76 #
1165: 16 74 74 3 76 76 #
1166: 16 16 16 16 16 16 16 16 16 16 16 16 16 16 16 16 16 16 16 16 16 16 16 16 16 16 16 16 16 16 16 16 16 16 16 16 16 16 16 852 #
1167: 16 16 16 16 112 1104 90 1383 160 1295 226 3 1374 116 228 1392 171 #
1168: 16 604 3 422 #
1169: #
1170: #
1171: #
1172: #
1173: 16 3 #
1174: #
1175: 16 75 3 #
1176: #
1177: 335 1301 16 16 16 16 16 132 132 1270 3 1302 768 41 41 1223 #
1178: #
1179: #
1180: #
1181: 156 149 3 153 158 #
1182: 44 204 74 3 208 76 #
1183: 3 #
1184: #
1185: #
1186: #
1187: #
1188: 773 3 1189 #
1189: #
1190: 90 543 3 546 #
1191: 614 1192 3 617 #
1192: 3 #
1193: #
1194: #
1195: 16 16 16 16 16 16 16 16 16 16 16 16 16 16 #
1196: 16 16 16 1197 319 3 42 #
1197: 112 179 122 122 376 292 2 2 519 205 226 500 500 500 500 500 500 206 1336 3 210 116 211 228 523 521 5 5 #
1198: 841 33 3 30 #
1199: 152 152 114 114 114 149 31 143 90 115 115 16 112 113 151 3 35 153 154 154 116 117 117 120 #
1200: 838 16 16 16 16 16 16 16 16 16 1201 1201 1202 44 445 3 1048 1203 1204 71 #
1201: 3 #
1202: 3 #
1203: 1192 1192 16 16 16 16 16 16 16 16 16 16 16 16 16 16 16 16 16 16 16 16 #
1204: #
1205: #
1206: 1092 2 3 624 44 16 1207 800 1208 5 #
1207: 69 16 16 319 319 66 66 848 3 1331 70 67 67 #
1208: #
1209: #
1210: 475 3 476 #
1211: 1212 3 #
1212: 3 #
1213: 16 16 16 16 16 16 16 16 16 16 #
1214: 84 16 89 3 86 #
1215: #
1216: #
1217: 569 2 2 2 2 2 2 2 310 310 310 308 308 1214 359 16 16 16 16 16 16 16 455 817 817 19 19 19 19 19 19 604 604 44 156 156 149 149 1110 472 18 18 93 3 688 20 20 21 21 21 21 21 21 422 422 153 153 158 158 1215 311 311 312 312 312 138 611 5 5 5 5 5 5 5 1218 #
1218: #
1219: 16 155 500 3 #
1220: 90 259 3 112 122 116 258 #
1221: 44 #
1222: #
1223: #
1224: 112 179 90 241 122 650 32 31 44 1144 3 34 1225 35 116 245 #
1225: #
1226: 16 16 16 16 16 16 16 16 16 16 16 16 16 16 16 16 16 16 16 16 16 16 16 16 16 16 16 16 16 16 16 2 2 2 231 319 319 319 319 319 130 132 232 355 1067 1236 3 133 358 1068 234 1237 41 233 5 5 5 #
1227: 637 636 3 641 1009 #
1228: #
1229: 146 84 157 150 3 86 #
1230: 112 3 179 359 2 66 66 500 500 500 500 500 500 500 500 500 226 226 226 226 225 225 501 356 16 16 16 227 227 503 116 228 228 228 228 361 5 67 67 #
1231: #
1232: 16 16 16 263 263 187 187 188 3 189 265 265 195 195 #
1233: 847 847 2 3 82 82 5 #
1234: 49 47 48 1206 44 624 1207 69 1181 3 46 1113 1228 800 70 1208 #
1235: 16 16 16 16 16 16 16 16 16 16 16 2 2 231 746 66 260 3 750 1297 233 5 5 67 #
1236: 16 16 16 16 16 319 319 319 319 112 2 2 2 66 66 66 66 518 518 910 310 308 1292 821 90 241 811 3 477 116 534 311 312 823 522 522 245 369 5 5 5 67 67 67 67 #
1237: #
1238: #
1239: 16 16 173 174 175 3 176 177 #
1240: #
1241: #
1242: 632 3 66 66 505 16 44 44 44 624 633 800 506 67 67 #
1243: #
1244: #
1245: 16 16 173 174 175 3 176 177 #
1246: #
1247: 3 #
1248: #
1249: #
1250: 821 1190 1251 3 1085 1252 823 #
1251: 226 225 3 227 228 #
1252: #
1253: #
1254: 1244 112 1045 16 3 116 #
1255: 835 3 16 16 836 #
1256: 16 3 #
1257: #
1258: #
1259: 16 #
1260: #
1261: 16 16 16 16 16 16 16 16 16 16 #
1262: 1263 112 90 241 650 3 116 1264 245 #
1263: 16 16 16 16 112 51 51 88 1341 114 3 53 53 116 #
1264: #
1265: 16 204 478 478 475 3 208 476 583 583 #
1266: #
1267: 485 3 486 #
1268: 1177 1177 1177 1177 16 3 142 142 142 142 #
1269: #
1270: 231 1067 1067 3 1068 1068 233 #
1271: 51 624 624 310 310 310 310 739 1214 3 16 53 1338 1215 800 800 312 312 312 312 #
1272: 378 2 3 5 #
1273: #
1274: #
1275: 16 3 #
1276: 20 20 20 88 88 90 90 16 3 3 830 18 18 18 31 114 35 831 #
1277: #
1278: 16 16 16 16 16 16 16 16 16 16 16 16 16 16 #
1279: 16 16 16 16 16 75 3 #
1280: 44 132 41 #
1281: #
1282: 16 16 16 2 2 2 3 5 5 5 #
1283: 3 #
1284: 1079 628 156 156 156 156 156 149 149 149 149 149 3 153 153 153 153 153 629 1312 158 158 158 158 158 #
1285: #
1286: #
1287: 163 165 16 16 16 3 166 169 #
1288: 1 2 19 1072 88 18 691 16 3 20 1285 21 655 4 5 #
1289: 1290 3 #
1290: 763 763 3 #
1291: 624 3 800 #
1292: 16 16 16 16 2 66 3 5 67 #
1293: 16 16 16 16 16 16 16 16 263 263 188 188 188 188 188 187 187 187 3 189 189 189 189 189 265 265 195 195 195 #
1294: 49 64 47 48 1206 69 3 1207 1181 46 1113 1228 800 70 1208 624 #
1295: 325 157 604 3 422 326 #
1296: 3 #
1297: #
1298: 2 3 5 #
1299: #
1300: 122 288 500 500 31 32 3 34 35 289 #
1301: 16 16 #
1302: #
1303: 355 2 112 90 90 179 16 31 948 1368 560 3 35 116 358 5 140 #
1304: 44 3 #
1305: 3 #
1306: #
1307: #
1308: 548 967 3 1133 #
1309: 748 748 554 1199 1199 113 16 16 174 174 74 74 206 747 319 225 226 75 3 749 749 76 76 751 227 211 228 1180 1180 177 177 120 532 #
1310: 645 72 1385 969 3 872 1046 1209 1357 #
1311: 1163 1163 1163 1163 1163 1163 1163 1168 1168 1168 1168 1168 1168 1168 339 339 339 339 339 905 905 905 905 905 905 905 905 905 905 905 905 905 905 905 1148 1148 1148 1148 1148 1148 1148 1148 1148 1148 1148 1148 1148 1148 1148 1148 1148 1148 1148 16 16 16 16 16 16 16 16 16 16 16 16 16 16 16 1096 1096 1096 1096 1096 1117 1117 1117 1117 1117 711 711 711 711 711 958 1037 1037 1037 1037 1037 904 904 904 904 904 904 904 680 680 680 1003 1003 1003 1003 1003 1129 1129 1129 1129 1129 3 63 63 63 63 63 63 63 63 63 63 63 63 63 63 63 1126 1126 1126 1126 1126 1126 1126 827 827 827 827 827 1258 1258 1258 1258 1258 1286 1172 1172 1172 1172 1172 1172 1172 1172 1172 1172 1172 1172 1172 1172 1172 1172 1172 1172 1172 482 482 482 #
1312: #
1313: 90 543 3 546 #
1314: 16 16 16 16 16 75 3 #
1315: #
1316: #
1317: 114 114 114 90 143 1318 3 #
1318: 3 #
1319: #
1320: 34 3 3 114 88 16 16 179 32 #
1321: #
1322: 195 195 195 195 16 16 16 16 16 263 263 263 187 187 187 187 188 188 188 188 44 3 3 189 189 189 189 265 265 265 #
1323: 44 #
1324: 3 #
1325: 16 16 173 174 175 3 176 177 #
1326: 728 500 3 #
1327: 981 3 1064 #
1328: 3 1329 1017 #
1329: 548 1350 500 3 1315 #
1330: 44 #
1331: #
1332: 526 526 3 737 737 #
1333: #
1334: 16 204 74 103 3 76 208 107 #
1335: 3 112 179 359 2 16 16 16 518 116 522 5 #
1336: 16 16 #
1337: 728 684 500 3 685 #
1338: #
1339: #
1340: 3 16 #
1341: 3 #
1342: 226 16 16 16 16 16 75 3 228 #
1343: 16 16 112 614 830 114 1192 1192 1192 79 79 1120 126 853 949 3 116 1121 617 831 #
1344: 533 3 #
1345: 90 18 3 20 #
1346: 812 3 #
1347: 16 204 74 475 3 208 76 476 #
1348: 226 16 3 228 #
1349: 16 75 3 #
1350: 278 500 3 279 #
1351: 319 #
1352: 325 79 112 18 31 109 3 20 35 116 600 326 #
1353: 16 16 173 174 175 3 176 177 #
1354: 1296 156 149 1329 16 3 1017 153 158 #
1355: 112 113 3 116 120 #
1356: 2 500 3 5 #
1357: #
1358: 112 292 763 763 3 116 #
1359: 475 3 476 #
1360: 730 122 16 16 16 16 569 569 570 2 2 310 308 571 3 3 156 149 604 573 422 153 158 651 311 312 575 5 5 #
1361: 504 667 3 1362 1363 #
1362: #
1363: #
1364: #
1365: 38 3 39 #
1366: 149 3 153 #
1367: 16 16 65 65 65 214 215 217 2 2 231 930 3 233 219 220 221 221 221 1176 222 5 5 #
1368: 3 23 288 1369 289 #
1369: #
1370: 500 3 #
1371: 1345 19 19 1072 277 18 18 32 33 3 20 20 777 30 34 1241 21 21 655 #
1372: 684 155 500 3 685 #
1373: 1338 16 16 16 16 16 16 16 16 16 500 739 #
1374: #
1375: 112 179 122 376 292 2 2 718 519 500 226 225 205 206 3 719 210 227 116 211 228 523 521 5 5 #
1376: 16 16 16 16 16 16 16 16 16 16 16 16 16 #
1377: #
1378: 728 3 #
1379: 16 16 16 149 149 149 569 2 2 308 156 156 310 359 90 90 90 19 19 19 19 18 3 20 21 21 21 21 153 153 153 158 158 311 312 5 5 #
1380: 1143 1294 16 3 #
1381: 90 90 88 317 16 16 1382 18 156 19 19 155 3 20 21 21 158 1193 #
1382: 3 #
1383: 16 16 3 #
1384: #
1385: 744 744 174 74 74 74 16 747 75 746 746 3 750 750 76 76 76 751 177 753 753 #
1386: 934 3 250 #
1387: 16 650 650 3 112 90 241 1263 114 116 1264 245 #
1388: 44 #
1389: 16 204 478 478 475 3 208 476 583 583 #
1390: 500 16 16 16 16 16 16 16 16 16 #
1391: 1123 16 16 16 16 16 16 16 16 16 16 16 16 16 16 16 16 16 16 16 16 16 16 16 16 16 16 16 16 16 16 16 16 16 16 16 1380 873 1200 445 496 425 #
1392: #
1393: 90 543 3 546 #
1394: 16 225 3 227 #
1395: 16 204 74 103 3 208 76 107 #
1396: 112 292 122 500 500 31 32 3 34 35 116 #
1397: 325 325 85 85 114 114 149 500 3 153 326 326 #
1398: 3 3 756 16 16 16 206 12 225 226 205 210 247 227 211 228 893 #
1399: 16 16 16 16 16 16 16 16 16 16 16 16 #
1400: 16 16 173 174 175 3 176 177 #
1401: 3 #
1402: 204 74 16 475 3 208 76 476 #
1403: #
1404: #
1405: #
1406: 16 112 292 3 116 #
1407: 235 1142 3 578 #
1408: 718 3 719 #
1409: 3 #
1410: 16 16 173 174 175 3 176 177 #
1411: 16 204 74 74 74 103 3 208 76 76 76 107 #
1412: 3 #
1413: 112 179 122 376 292 2 2 718 519 205 226 500 500 500 500 500 500 206 3 210 116 211 719 228 523 521 5 5 #
1414: 112 179 90 543 614 114 88 3 116 546 617 #
1415: 18 3 20 #
1416: #
1417: 16 204 478 478 103 274 3 208 275 107 583 583 #
1418: #
1419: 16 75 3 #
1420: 16 112 614 155 3 116 617 #
1421: 16 204 478 3 208 583 #
1422: 1099 3 1004 #
1423: 90 2 3 5 #
1424: 325 928 3 326 #
1425: 3 16 16 226 1032 1033 228 #
1426: 3 #
1427: 27 3 28 #
1428: 2 500 3 5 #
1429: 16 1267 3 459 #
1430: 293 293 3 294 294 #
1431: #
1432: 16 3 #
1433: 180 3 1061 #
1434: #
1435: 16 204 74 3 208 76 #
